Welcome to Group 3's CS170 Project 2 - Machine Learning Feature Selection Algorithm
Type in the name of the file to test: large-test-dataset-1.txt

Type the number of the algorithm you want to run.

         1) Forward Selection
         2) Backward Elimination


2
Calling Backward Elimination Search
Using all features {40,39,38,37,36,35,34,33,32,31,30,13,12,11,10,9,8,7,6,5,4,3,2,1,14,15,16,17,18,19,20,21,22,23,24,25,26,27,28,29}, I get an accuracy of 69.4%

Beginning search

         Removing {1}, Using feature(s) {40,39,38,37,36,35,34,33,32,31,30,13,12,11,10,9,8,7,6,5,4,3,2,14,15,16,17,18,19,20,21,22,23,24,25,26,27,28,29} accuracy is 70.3%
         Removing {2}, Using feature(s) {40,39,38,37,36,35,34,33,32,31,30,13,12,11,10,9,8,7,6,5,4,3,1,14,15,16,17,18,19,20,21,22,23,24,25,26,27,28,29} accuracy is 68.7%
         Removing {3}, Using feature(s) {40,39,38,37,36,35,34,33,32,31,30,13,12,11,10,9,8,7,6,5,4,2,1,14,15,16,17,18,19,20,21,22,23,24,25,26,27,28,29} accuracy is 68.3%
         Removing {4}, Using feature(s) {40,39,38,37,36,35,34,33,32,31,30,13,12,11,10,9,8,7,6,5,3,2,1,14,15,16,17,18,19,20,21,22,23,24,25,26,27,28,29} accuracy is 69.3%
         Removing {5}, Using feature(s) {40,39,38,37,36,35,34,33,32,31,30,13,12,11,10,9,8,7,6,4,3,2,1,14,15,16,17,18,19,20,21,22,23,24,25,26,27,28,29} accuracy is 68.8%
         Removing {6}, Using feature(s) {40,39,38,37,36,35,34,33,32,31,30,13,12,11,10,9,8,7,5,4,3,2,1,14,15,16,17,18,19,20,21,22,23,24,25,26,27,28,29} accuracy is 70.2%
         Removing {7}, Using feature(s) {40,39,38,37,36,35,34,33,32,31,30,13,12,11,10,9,8,6,5,4,3,2,1,14,15,16,17,18,19,20,21,22,23,24,25,26,27,28,29} accuracy is 69.9%
         Removing {8}, Using feature(s) {40,39,38,37,36,35,34,33,32,31,30,13,12,11,10,9,7,6,5,4,3,2,1,14,15,16,17,18,19,20,21,22,23,24,25,26,27,28,29} accuracy is 69.8%
         Removing {9}, Using feature(s) {40,39,38,37,36,35,34,33,32,31,30,13,12,11,10,8,7,6,5,4,3,2,1,14,15,16,17,18,19,20,21,22,23,24,25,26,27,28,29} accuracy is 69.3%
         Removing {10}, Using feature(s) {40,39,38,37,36,35,34,33,32,31,30,13,12,11,9,8,7,6,5,4,3,2,1,14,15,16,17,18,19,20,21,22,23,24,25,26,27,28,29} accuracy is 69.3%
         Removing {11}, Using feature(s) {40,39,38,37,36,35,34,33,32,31,30,13,12,10,9,8,7,6,5,4,3,2,1,14,15,16,17,18,19,20,21,22,23,24,25,26,27,28,29} accuracy is 69.5%
         Removing {12}, Using feature(s) {40,39,38,37,36,35,34,33,32,31,30,13,11,10,9,8,7,6,5,4,3,2,1,14,15,16,17,18,19,20,21,22,23,24,25,26,27,28,29} accuracy is 68.7%
         Removing {13}, Using feature(s) {40,39,38,37,36,35,34,33,32,31,30,12,11,10,9,8,7,6,5,4,3,2,1,14,15,16,17,18,19,20,21,22,23,24,25,26,27,28,29} accuracy is 69.1%
         Removing {14}, Using feature(s) {40,39,38,37,36,35,34,33,32,31,30,13,12,11,10,9,8,7,6,5,4,3,2,1,15,16,17,18,19,20,21,22,23,24,25,26,27,28,29} accuracy is 69.8%
         Removing {15}, Using feature(s) {40,39,38,37,36,35,34,33,32,31,30,13,12,11,10,9,8,7,6,5,4,3,2,1,14,16,17,18,19,20,21,22,23,24,25,26,27,28,29} accuracy is 69.2%
         Removing {16}, Using feature(s) {40,39,38,37,36,35,34,33,32,31,30,13,12,11,10,9,8,7,6,5,4,3,2,1,14,15,17,18,19,20,21,22,23,24,25,26,27,28,29} accuracy is 70.1%
         Removing {17}, Using feature(s) {40,39,38,37,36,35,34,33,32,31,30,13,12,11,10,9,8,7,6,5,4,3,2,1,14,15,16,18,19,20,21,22,23,24,25,26,27,28,29} accuracy is 68.6%
         Removing {18}, Using feature(s) {40,39,38,37,36,35,34,33,32,31,30,13,12,11,10,9,8,7,6,5,4,3,2,1,14,15,16,17,19,20,21,22,23,24,25,26,27,28,29} accuracy is 69%
         Removing {19}, Using feature(s) {40,39,38,37,36,35,34,33,32,31,30,13,12,11,10,9,8,7,6,5,4,3,2,1,14,15,16,17,18,20,21,22,23,24,25,26,27,28,29} accuracy is 69.2%
         Removing {20}, Using feature(s) {40,39,38,37,36,35,34,33,32,31,30,13,12,11,10,9,8,7,6,5,4,3,2,1,14,15,16,17,18,19,21,22,23,24,25,26,27,28,29} accuracy is 70%
         Removing {21}, Using feature(s) {40,39,38,37,36,35,34,33,32,31,30,13,12,11,10,9,8,7,6,5,4,3,2,1,14,15,16,17,18,19,20,22,23,24,25,26,27,28,29} accuracy is 70.4%
         Removing {22}, Using feature(s) {40,39,38,37,36,35,34,33,32,31,30,13,12,11,10,9,8,7,6,5,4,3,2,1,14,15,16,17,18,19,20,21,23,24,25,26,27,28,29} accuracy is 69.6%
         Removing {23}, Using feature(s) {40,39,38,37,36,35,34,33,32,31,30,13,12,11,10,9,8,7,6,5,4,3,2,1,14,15,16,17,18,19,20,21,22,24,25,26,27,28,29} accuracy is 69.2%
         Removing {24}, Using feature(s) {40,39,38,37,36,35,34,33,32,31,30,13,12,11,10,9,8,7,6,5,4,3,2,1,14,15,16,17,18,19,20,21,22,23,25,26,27,28,29} accuracy is 69.7%
         Removing {25}, Using feature(s) {40,39,38,37,36,35,34,33,32,31,30,13,12,11,10,9,8,7,6,5,4,3,2,1,14,15,16,17,18,19,20,21,22,23,24,26,27,28,29} accuracy is 68.2%
         Removing {26}, Using feature(s) {40,39,38,37,36,35,34,33,32,31,30,13,12,11,10,9,8,7,6,5,4,3,2,1,14,15,16,17,18,19,20,21,22,23,24,25,27,28,29} accuracy is 69.1%
         Removing {27}, Using feature(s) {40,39,38,37,36,35,34,33,32,31,30,13,12,11,10,9,8,7,6,5,4,3,2,1,14,15,16,17,18,19,20,21,22,23,24,25,26,28,29} accuracy is 69.8%
         Removing {28}, Using feature(s) {40,39,38,37,36,35,34,33,32,31,30,13,12,11,10,9,8,7,6,5,4,3,2,1,14,15,16,17,18,19,20,21,22,23,24,25,26,27,29} accuracy is 68.8%
         Removing {29}, Using feature(s) {40,39,38,37,36,35,34,33,32,31,30,13,12,11,10,9,8,7,6,5,4,3,2,1,14,15,16,17,18,19,20,21,22,23,24,25,26,27,28} accuracy is 70.2%
         Removing {30}, Using feature(s) {40,39,38,37,36,35,34,33,32,31,13,12,11,10,9,8,7,6,5,4,3,2,1,14,15,16,17,18,19,20,21,22,23,24,25,26,27,28,29} accuracy is 68.8%
         Removing {31}, Using feature(s) {40,39,38,37,36,35,34,33,32,30,13,12,11,10,9,8,7,6,5,4,3,2,1,14,15,16,17,18,19,20,21,22,23,24,25,26,27,28,29} accuracy is 68.6%
         Removing {32}, Using feature(s) {40,39,38,37,36,35,34,33,31,30,13,12,11,10,9,8,7,6,5,4,3,2,1,14,15,16,17,18,19,20,21,22,23,24,25,26,27,28,29} accuracy is 69.2%
         Removing {33}, Using feature(s) {40,39,38,37,36,35,34,32,31,30,13,12,11,10,9,8,7,6,5,4,3,2,1,14,15,16,17,18,19,20,21,22,23,24,25,26,27,28,29} accuracy is 70.3%
         Removing {34}, Using feature(s) {40,39,38,37,36,35,33,32,31,30,13,12,11,10,9,8,7,6,5,4,3,2,1,14,15,16,17,18,19,20,21,22,23,24,25,26,27,28,29} accuracy is 70.1%
         Removing {35}, Using feature(s) {40,39,38,37,36,34,33,32,31,30,13,12,11,10,9,8,7,6,5,4,3,2,1,14,15,16,17,18,19,20,21,22,23,24,25,26,27,28,29} accuracy is 69%
         Removing {36}, Using feature(s) {40,39,38,37,35,34,33,32,31,30,13,12,11,10,9,8,7,6,5,4,3,2,1,14,15,16,17,18,19,20,21,22,23,24,25,26,27,28,29} accuracy is 69.6%
         Removing {37}, Using feature(s) {40,39,38,36,35,34,33,32,31,30,13,12,11,10,9,8,7,6,5,4,3,2,1,14,15,16,17,18,19,20,21,22,23,24,25,26,27,28,29} accuracy is 69.5%
         Removing {38}, Using feature(s) {40,39,37,36,35,34,33,32,31,30,13,12,11,10,9,8,7,6,5,4,3,2,1,14,15,16,17,18,19,20,21,22,23,24,25,26,27,28,29} accuracy is 69.3%
         Removing {39}, Using feature(s) {40,38,37,36,35,34,33,32,31,30,13,12,11,10,9,8,7,6,5,4,3,2,1,14,15,16,17,18,19,20,21,22,23,24,25,26,27,28,29} accuracy is 69.4%
         Removing {40}, Using feature(s) {39,38,37,36,35,34,33,32,31,30,13,12,11,10,9,8,7,6,5,4,3,2,1,14,15,16,17,18,19,20,21,22,23,24,25,26,27,28,29} accuracy is 70.3%

Feature set {40,39,38,37,36,35,34,33,32,31,30,13,12,11,10,9,8,7,6,5,4,3,2,1,14,15,16,17,18,19,20,22,23,24,25,26,27,28,29} was best, accuracy is 70.4%

         Removing {1}, Using feature(s) {40,39,38,37,36,35,34,33,32,31,30,13,12,11,10,9,8,7,6,5,4,3,2,14,15,16,17,18,19,20,22,23,24,25,26,27,28,29} accuracy is 71.1%
         Removing {2}, Using feature(s) {40,39,38,37,36,35,34,33,32,31,30,13,12,11,10,9,8,7,6,5,4,3,1,14,15,16,17,18,19,20,22,23,24,25,26,27,28,29} accuracy is 69.6%
         Removing {3}, Using feature(s) {40,39,38,37,36,35,34,33,32,31,30,13,12,11,10,9,8,7,6,5,4,2,1,14,15,16,17,18,19,20,22,23,24,25,26,27,28,29} accuracy is 68.3%
         Removing {4}, Using feature(s) {40,39,38,37,36,35,34,33,32,31,30,13,12,11,10,9,8,7,6,5,3,2,1,14,15,16,17,18,19,20,22,23,24,25,26,27,28,29} accuracy is 70%
         Removing {5}, Using feature(s) {40,39,38,37,36,35,34,33,32,31,30,13,12,11,10,9,8,7,6,4,3,2,1,14,15,16,17,18,19,20,22,23,24,25,26,27,28,29} accuracy is 69.5%
         Removing {6}, Using feature(s) {40,39,38,37,36,35,34,33,32,31,30,13,12,11,10,9,8,7,5,4,3,2,1,14,15,16,17,18,19,20,22,23,24,25,26,27,28,29} accuracy is 71.4%
         Removing {7}, Using feature(s) {40,39,38,37,36,35,34,33,32,31,30,13,12,11,10,9,8,6,5,4,3,2,1,14,15,16,17,18,19,20,22,23,24,25,26,27,28,29} accuracy is 70.9%
         Removing {8}, Using feature(s) {40,39,38,37,36,35,34,33,32,31,30,13,12,11,10,9,7,6,5,4,3,2,1,14,15,16,17,18,19,20,22,23,24,25,26,27,28,29} accuracy is 69.7%
         Removing {9}, Using feature(s) {40,39,38,37,36,35,34,33,32,31,30,13,12,11,10,8,7,6,5,4,3,2,1,14,15,16,17,18,19,20,22,23,24,25,26,27,28,29} accuracy is 70.3%
         Removing {10}, Using feature(s) {40,39,38,37,36,35,34,33,32,31,30,13,12,11,9,8,7,6,5,4,3,2,1,14,15,16,17,18,19,20,22,23,24,25,26,27,28,29} accuracy is 70.6%
         Removing {11}, Using feature(s) {40,39,38,37,36,35,34,33,32,31,30,13,12,10,9,8,7,6,5,4,3,2,1,14,15,16,17,18,19,20,22,23,24,25,26,27,28,29} accuracy is 70.6%
         Removing {12}, Using feature(s) {40,39,38,37,36,35,34,33,32,31,30,13,11,10,9,8,7,6,5,4,3,2,1,14,15,16,17,18,19,20,22,23,24,25,26,27,28,29} accuracy is 69.3%
         Removing {13}, Using feature(s) {40,39,38,37,36,35,34,33,32,31,30,12,11,10,9,8,7,6,5,4,3,2,1,14,15,16,17,18,19,20,22,23,24,25,26,27,28,29} accuracy is 69.3%
         Removing {14}, Using feature(s) {40,39,38,37,36,35,34,33,32,31,30,13,12,11,10,9,8,7,6,5,4,3,2,1,15,16,17,18,19,20,22,23,24,25,26,27,28,29} accuracy is 70.4%
         Removing {15}, Using feature(s) {40,39,38,37,36,35,34,33,32,31,30,13,12,11,10,9,8,7,6,5,4,3,2,1,14,16,17,18,19,20,22,23,24,25,26,27,28,29} accuracy is 70.4%
         Removing {16}, Using feature(s) {40,39,38,37,36,35,34,33,32,31,30,13,12,11,10,9,8,7,6,5,4,3,2,1,14,15,17,18,19,20,22,23,24,25,26,27,28,29} accuracy is 70.8%
         Removing {17}, Using feature(s) {40,39,38,37,36,35,34,33,32,31,30,13,12,11,10,9,8,7,6,5,4,3,2,1,14,15,16,18,19,20,22,23,24,25,26,27,28,29} accuracy is 69.3%
         Removing {18}, Using feature(s) {40,39,38,37,36,35,34,33,32,31,30,13,12,11,10,9,8,7,6,5,4,3,2,1,14,15,16,17,19,20,22,23,24,25,26,27,28,29} accuracy is 68.3%
         Removing {19}, Using feature(s) {40,39,38,37,36,35,34,33,32,31,30,13,12,11,10,9,8,7,6,5,4,3,2,1,14,15,16,17,18,20,22,23,24,25,26,27,28,29} accuracy is 69.9%
         Removing {20}, Using feature(s) {40,39,38,37,36,35,34,33,32,31,30,13,12,11,10,9,8,7,6,5,4,3,2,1,14,15,16,17,18,19,22,23,24,25,26,27,28,29} accuracy is 69.6%
         Removing {22}, Using feature(s) {40,39,38,37,36,35,34,33,32,31,30,13,12,11,10,9,8,7,6,5,4,3,2,1,14,15,16,17,18,19,20,23,24,25,26,27,28,29} accuracy is 70.8%
         Removing {23}, Using feature(s) {40,39,38,37,36,35,34,33,32,31,30,13,12,11,10,9,8,7,6,5,4,3,2,1,14,15,16,17,18,19,20,22,24,25,26,27,28,29} accuracy is 69.8%
         Removing {24}, Using feature(s) {40,39,38,37,36,35,34,33,32,31,30,13,12,11,10,9,8,7,6,5,4,3,2,1,14,15,16,17,18,19,20,22,23,25,26,27,28,29} accuracy is 68.9%
         Removing {25}, Using feature(s) {40,39,38,37,36,35,34,33,32,31,30,13,12,11,10,9,8,7,6,5,4,3,2,1,14,15,16,17,18,19,20,22,23,24,26,27,28,29} accuracy is 68.4%
         Removing {26}, Using feature(s) {40,39,38,37,36,35,34,33,32,31,30,13,12,11,10,9,8,7,6,5,4,3,2,1,14,15,16,17,18,19,20,22,23,24,25,27,28,29} accuracy is 69.4%
         Removing {27}, Using feature(s) {40,39,38,37,36,35,34,33,32,31,30,13,12,11,10,9,8,7,6,5,4,3,2,1,14,15,16,17,18,19,20,22,23,24,25,26,28,29} accuracy is 70.4%
         Removing {28}, Using feature(s) {40,39,38,37,36,35,34,33,32,31,30,13,12,11,10,9,8,7,6,5,4,3,2,1,14,15,16,17,18,19,20,22,23,24,25,26,27,29} accuracy is 68.8%
         Removing {29}, Using feature(s) {40,39,38,37,36,35,34,33,32,31,30,13,12,11,10,9,8,7,6,5,4,3,2,1,14,15,16,17,18,19,20,22,23,24,25,26,27,28} accuracy is 71%
         Removing {30}, Using feature(s) {40,39,38,37,36,35,34,33,32,31,13,12,11,10,9,8,7,6,5,4,3,2,1,14,15,16,17,18,19,20,22,23,24,25,26,27,28,29} accuracy is 69.4%
         Removing {31}, Using feature(s) {40,39,38,37,36,35,34,33,32,30,13,12,11,10,9,8,7,6,5,4,3,2,1,14,15,16,17,18,19,20,22,23,24,25,26,27,28,29} accuracy is 69.1%
         Removing {32}, Using feature(s) {40,39,38,37,36,35,34,33,31,30,13,12,11,10,9,8,7,6,5,4,3,2,1,14,15,16,17,18,19,20,22,23,24,25,26,27,28,29} accuracy is 70.7%
         Removing {33}, Using feature(s) {40,39,38,37,36,35,34,32,31,30,13,12,11,10,9,8,7,6,5,4,3,2,1,14,15,16,17,18,19,20,22,23,24,25,26,27,28,29} accuracy is 71.3%
         Removing {34}, Using feature(s) {40,39,38,37,36,35,33,32,31,30,13,12,11,10,9,8,7,6,5,4,3,2,1,14,15,16,17,18,19,20,22,23,24,25,26,27,28,29} accuracy is 70.7%
         Removing {35}, Using feature(s) {40,39,38,37,36,34,33,32,31,30,13,12,11,10,9,8,7,6,5,4,3,2,1,14,15,16,17,18,19,20,22,23,24,25,26,27,28,29} accuracy is 68.8%
         Removing {36}, Using feature(s) {40,39,38,37,35,34,33,32,31,30,13,12,11,10,9,8,7,6,5,4,3,2,1,14,15,16,17,18,19,20,22,23,24,25,26,27,28,29} accuracy is 69.9%
         Removing {37}, Using feature(s) {40,39,38,36,35,34,33,32,31,30,13,12,11,10,9,8,7,6,5,4,3,2,1,14,15,16,17,18,19,20,22,23,24,25,26,27,28,29} accuracy is 69.9%
         Removing {38}, Using feature(s) {40,39,37,36,35,34,33,32,31,30,13,12,11,10,9,8,7,6,5,4,3,2,1,14,15,16,17,18,19,20,22,23,24,25,26,27,28,29} accuracy is 69.7%
         Removing {39}, Using feature(s) {40,38,37,36,35,34,33,32,31,30,13,12,11,10,9,8,7,6,5,4,3,2,1,14,15,16,17,18,19,20,22,23,24,25,26,27,28,29} accuracy is 69.5%
         Removing {40}, Using feature(s) {39,38,37,36,35,34,33,32,31,30,13,12,11,10,9,8,7,6,5,4,3,2,1,14,15,16,17,18,19,20,22,23,24,25,26,27,28,29} accuracy is 70.7%

Feature set {40,39,38,37,36,35,34,33,32,31,30,13,12,11,10,9,8,7,5,4,3,2,1,14,15,16,17,18,19,20,22,23,24,25,26,27,28,29} was best, accuracy is 71.4%

         Removing {1}, Using feature(s) {40,39,38,37,36,35,34,33,32,31,30,13,12,11,10,9,8,7,5,4,3,2,14,15,16,17,18,19,20,22,23,24,25,26,27,28,29} accuracy is 71.5%
         Removing {2}, Using feature(s) {40,39,38,37,36,35,34,33,32,31,30,13,12,11,10,9,8,7,5,4,3,1,14,15,16,17,18,19,20,22,23,24,25,26,27,28,29} accuracy is 70.5%
         Removing {3}, Using feature(s) {40,39,38,37,36,35,34,33,32,31,30,13,12,11,10,9,8,7,5,4,2,1,14,15,16,17,18,19,20,22,23,24,25,26,27,28,29} accuracy is 69.7%
         Removing {4}, Using feature(s) {40,39,38,37,36,35,34,33,32,31,30,13,12,11,10,9,8,7,5,3,2,1,14,15,16,17,18,19,20,22,23,24,25,26,27,28,29} accuracy is 70.6%
         Removing {5}, Using feature(s) {40,39,38,37,36,35,34,33,32,31,30,13,12,11,10,9,8,7,4,3,2,1,14,15,16,17,18,19,20,22,23,24,25,26,27,28,29} accuracy is 70.6%
         Removing {7}, Using feature(s) {40,39,38,37,36,35,34,33,32,31,30,13,12,11,10,9,8,5,4,3,2,1,14,15,16,17,18,19,20,22,23,24,25,26,27,28,29} accuracy is 70.1%
         Removing {8}, Using feature(s) {40,39,38,37,36,35,34,33,32,31,30,13,12,11,10,9,7,5,4,3,2,1,14,15,16,17,18,19,20,22,23,24,25,26,27,28,29} accuracy is 70.4%
         Removing {9}, Using feature(s) {40,39,38,37,36,35,34,33,32,31,30,13,12,11,10,8,7,5,4,3,2,1,14,15,16,17,18,19,20,22,23,24,25,26,27,28,29} accuracy is 69.6%
         Removing {10}, Using feature(s) {40,39,38,37,36,35,34,33,32,31,30,13,12,11,9,8,7,5,4,3,2,1,14,15,16,17,18,19,20,22,23,24,25,26,27,28,29} accuracy is 69.5%
         Removing {11}, Using feature(s) {40,39,38,37,36,35,34,33,32,31,30,13,12,10,9,8,7,5,4,3,2,1,14,15,16,17,18,19,20,22,23,24,25,26,27,28,29} accuracy is 71.1%
         Removing {12}, Using feature(s) {40,39,38,37,36,35,34,33,32,31,30,13,11,10,9,8,7,5,4,3,2,1,14,15,16,17,18,19,20,22,23,24,25,26,27,28,29} accuracy is 69.5%
         Removing {13}, Using feature(s) {40,39,38,37,36,35,34,33,32,31,30,12,11,10,9,8,7,5,4,3,2,1,14,15,16,17,18,19,20,22,23,24,25,26,27,28,29} accuracy is 71%
         Removing {14}, Using feature(s) {40,39,38,37,36,35,34,33,32,31,30,13,12,11,10,9,8,7,5,4,3,2,1,15,16,17,18,19,20,22,23,24,25,26,27,28,29} accuracy is 70.6%
         Removing {15}, Using feature(s) {40,39,38,37,36,35,34,33,32,31,30,13,12,11,10,9,8,7,5,4,3,2,1,14,16,17,18,19,20,22,23,24,25,26,27,28,29} accuracy is 70.3%
         Removing {16}, Using feature(s) {40,39,38,37,36,35,34,33,32,31,30,13,12,11,10,9,8,7,5,4,3,2,1,14,15,17,18,19,20,22,23,24,25,26,27,28,29} accuracy is 70.3%
         Removing {17}, Using feature(s) {40,39,38,37,36,35,34,33,32,31,30,13,12,11,10,9,8,7,5,4,3,2,1,14,15,16,18,19,20,22,23,24,25,26,27,28,29} accuracy is 70.3%
         Removing {18}, Using feature(s) {40,39,38,37,36,35,34,33,32,31,30,13,12,11,10,9,8,7,5,4,3,2,1,14,15,16,17,19,20,22,23,24,25,26,27,28,29} accuracy is 69.7%
         Removing {19}, Using feature(s) {40,39,38,37,36,35,34,33,32,31,30,13,12,11,10,9,8,7,5,4,3,2,1,14,15,16,17,18,20,22,23,24,25,26,27,28,29} accuracy is 69.7%
         Removing {20}, Using feature(s) {40,39,38,37,36,35,34,33,32,31,30,13,12,11,10,9,8,7,5,4,3,2,1,14,15,16,17,18,19,22,23,24,25,26,27,28,29} accuracy is 70.3%
         Removing {22}, Using feature(s) {40,39,38,37,36,35,34,33,32,31,30,13,12,11,10,9,8,7,5,4,3,2,1,14,15,16,17,18,19,20,23,24,25,26,27,28,29} accuracy is 70.2%
         Removing {23}, Using feature(s) {40,39,38,37,36,35,34,33,32,31,30,13,12,11,10,9,8,7,5,4,3,2,1,14,15,16,17,18,19,20,22,24,25,26,27,28,29} accuracy is 71.1%
         Removing {24}, Using feature(s) {40,39,38,37,36,35,34,33,32,31,30,13,12,11,10,9,8,7,5,4,3,2,1,14,15,16,17,18,19,20,22,23,25,26,27,28,29} accuracy is 69%
         Removing {25}, Using feature(s) {40,39,38,37,36,35,34,33,32,31,30,13,12,11,10,9,8,7,5,4,3,2,1,14,15,16,17,18,19,20,22,23,24,26,27,28,29} accuracy is 70.2%
         Removing {26}, Using feature(s) {40,39,38,37,36,35,34,33,32,31,30,13,12,11,10,9,8,7,5,4,3,2,1,14,15,16,17,18,19,20,22,23,24,25,27,28,29} accuracy is 70.6%
         Removing {27}, Using feature(s) {40,39,38,37,36,35,34,33,32,31,30,13,12,11,10,9,8,7,5,4,3,2,1,14,15,16,17,18,19,20,22,23,24,25,26,28,29} accuracy is 70.8%
         Removing {28}, Using feature(s) {40,39,38,37,36,35,34,33,32,31,30,13,12,11,10,9,8,7,5,4,3,2,1,14,15,16,17,18,19,20,22,23,24,25,26,27,29} accuracy is 69.7%
         Removing {29}, Using feature(s) {40,39,38,37,36,35,34,33,32,31,30,13,12,11,10,9,8,7,5,4,3,2,1,14,15,16,17,18,19,20,22,23,24,25,26,27,28} accuracy is 70.6%
         Removing {30}, Using feature(s) {40,39,38,37,36,35,34,33,32,31,13,12,11,10,9,8,7,5,4,3,2,1,14,15,16,17,18,19,20,22,23,24,25,26,27,28,29} accuracy is 70.5%
         Removing {31}, Using feature(s) {40,39,38,37,36,35,34,33,32,30,13,12,11,10,9,8,7,5,4,3,2,1,14,15,16,17,18,19,20,22,23,24,25,26,27,28,29} accuracy is 70%
         Removing {32}, Using feature(s) {40,39,38,37,36,35,34,33,31,30,13,12,11,10,9,8,7,5,4,3,2,1,14,15,16,17,18,19,20,22,23,24,25,26,27,28,29} accuracy is 71.6%
         Removing {33}, Using feature(s) {40,39,38,37,36,35,34,32,31,30,13,12,11,10,9,8,7,5,4,3,2,1,14,15,16,17,18,19,20,22,23,24,25,26,27,28,29} accuracy is 71.7%
         Removing {34}, Using feature(s) {40,39,38,37,36,35,33,32,31,30,13,12,11,10,9,8,7,5,4,3,2,1,14,15,16,17,18,19,20,22,23,24,25,26,27,28,29} accuracy is 70.9%
         Removing {35}, Using feature(s) {40,39,38,37,36,34,33,32,31,30,13,12,11,10,9,8,7,5,4,3,2,1,14,15,16,17,18,19,20,22,23,24,25,26,27,28,29} accuracy is 69.1%
         Removing {36}, Using feature(s) {40,39,38,37,35,34,33,32,31,30,13,12,11,10,9,8,7,5,4,3,2,1,14,15,16,17,18,19,20,22,23,24,25,26,27,28,29} accuracy is 69.8%
         Removing {37}, Using feature(s) {40,39,38,36,35,34,33,32,31,30,13,12,11,10,9,8,7,5,4,3,2,1,14,15,16,17,18,19,20,22,23,24,25,26,27,28,29} accuracy is 69.8%
         Removing {38}, Using feature(s) {40,39,37,36,35,34,33,32,31,30,13,12,11,10,9,8,7,5,4,3,2,1,14,15,16,17,18,19,20,22,23,24,25,26,27,28,29} accuracy is 70.4%
         Removing {39}, Using feature(s) {40,38,37,36,35,34,33,32,31,30,13,12,11,10,9,8,7,5,4,3,2,1,14,15,16,17,18,19,20,22,23,24,25,26,27,28,29} accuracy is 69.8%
         Removing {40}, Using feature(s) {39,38,37,36,35,34,33,32,31,30,13,12,11,10,9,8,7,5,4,3,2,1,14,15,16,17,18,19,20,22,23,24,25,26,27,28,29} accuracy is 69.6%

Feature set {40,39,38,37,36,35,34,32,31,30,13,12,11,10,9,8,7,5,4,3,2,1,14,15,16,17,18,19,20,22,23,24,25,26,27,28,29} was best, accuracy is 71.7%

         Removing {1}, Using feature(s) {40,39,38,37,36,35,34,32,31,30,13,12,11,10,9,8,7,5,4,3,2,14,15,16,17,18,19,20,22,23,24,25,26,27,28,29} accuracy is 72%
         Removing {2}, Using feature(s) {40,39,38,37,36,35,34,32,31,30,13,12,11,10,9,8,7,5,4,3,1,14,15,16,17,18,19,20,22,23,24,25,26,27,28,29} accuracy is 71.2%
         Removing {3}, Using feature(s) {40,39,38,37,36,35,34,32,31,30,13,12,11,10,9,8,7,5,4,2,1,14,15,16,17,18,19,20,22,23,24,25,26,27,28,29} accuracy is 69.5%
         Removing {4}, Using feature(s) {40,39,38,37,36,35,34,32,31,30,13,12,11,10,9,8,7,5,3,2,1,14,15,16,17,18,19,20,22,23,24,25,26,27,28,29} accuracy is 71.4%
         Removing {5}, Using feature(s) {40,39,38,37,36,35,34,32,31,30,13,12,11,10,9,8,7,4,3,2,1,14,15,16,17,18,19,20,22,23,24,25,26,27,28,29} accuracy is 69.9%
         Removing {7}, Using feature(s) {40,39,38,37,36,35,34,32,31,30,13,12,11,10,9,8,5,4,3,2,1,14,15,16,17,18,19,20,22,23,24,25,26,27,28,29} accuracy is 71.2%
         Removing {8}, Using feature(s) {40,39,38,37,36,35,34,32,31,30,13,12,11,10,9,7,5,4,3,2,1,14,15,16,17,18,19,20,22,23,24,25,26,27,28,29} accuracy is 71.6%
         Removing {9}, Using feature(s) {40,39,38,37,36,35,34,32,31,30,13,12,11,10,8,7,5,4,3,2,1,14,15,16,17,18,19,20,22,23,24,25,26,27,28,29} accuracy is 71.8%
         Removing {10}, Using feature(s) {40,39,38,37,36,35,34,32,31,30,13,12,11,9,8,7,5,4,3,2,1,14,15,16,17,18,19,20,22,23,24,25,26,27,28,29} accuracy is 69.9%
         Removing {11}, Using feature(s) {40,39,38,37,36,35,34,32,31,30,13,12,10,9,8,7,5,4,3,2,1,14,15,16,17,18,19,20,22,23,24,25,26,27,28,29} accuracy is 71.8%
         Removing {12}, Using feature(s) {40,39,38,37,36,35,34,32,31,30,13,11,10,9,8,7,5,4,3,2,1,14,15,16,17,18,19,20,22,23,24,25,26,27,28,29} accuracy is 71.6%
         Removing {13}, Using feature(s) {40,39,38,37,36,35,34,32,31,30,12,11,10,9,8,7,5,4,3,2,1,14,15,16,17,18,19,20,22,23,24,25,26,27,28,29} accuracy is 72%
         Removing {14}, Using feature(s) {40,39,38,37,36,35,34,32,31,30,13,12,11,10,9,8,7,5,4,3,2,1,15,16,17,18,19,20,22,23,24,25,26,27,28,29} accuracy is 71.9%
         Removing {15}, Using feature(s) {40,39,38,37,36,35,34,32,31,30,13,12,11,10,9,8,7,5,4,3,2,1,14,16,17,18,19,20,22,23,24,25,26,27,28,29} accuracy is 71.6%
         Removing {16}, Using feature(s) {40,39,38,37,36,35,34,32,31,30,13,12,11,10,9,8,7,5,4,3,2,1,14,15,17,18,19,20,22,23,24,25,26,27,28,29} accuracy is 72.6%
         Removing {17}, Using feature(s) {40,39,38,37,36,35,34,32,31,30,13,12,11,10,9,8,7,5,4,3,2,1,14,15,16,18,19,20,22,23,24,25,26,27,28,29} accuracy is 71.5%
         Removing {18}, Using feature(s) {40,39,38,37,36,35,34,32,31,30,13,12,11,10,9,8,7,5,4,3,2,1,14,15,16,17,19,20,22,23,24,25,26,27,28,29} accuracy is 70.7%
         Removing {19}, Using feature(s) {40,39,38,37,36,35,34,32,31,30,13,12,11,10,9,8,7,5,4,3,2,1,14,15,16,17,18,20,22,23,24,25,26,27,28,29} accuracy is 70.7%
         Removing {20}, Using feature(s) {40,39,38,37,36,35,34,32,31,30,13,12,11,10,9,8,7,5,4,3,2,1,14,15,16,17,18,19,22,23,24,25,26,27,28,29} accuracy is 70.7%
         Removing {22}, Using feature(s) {40,39,38,37,36,35,34,32,31,30,13,12,11,10,9,8,7,5,4,3,2,1,14,15,16,17,18,19,20,23,24,25,26,27,28,29} accuracy is 69.8%
         Removing {23}, Using feature(s) {40,39,38,37,36,35,34,32,31,30,13,12,11,10,9,8,7,5,4,3,2,1,14,15,16,17,18,19,20,22,24,25,26,27,28,29} accuracy is 72%
         Removing {24}, Using feature(s) {40,39,38,37,36,35,34,32,31,30,13,12,11,10,9,8,7,5,4,3,2,1,14,15,16,17,18,19,20,22,23,25,26,27,28,29} accuracy is 69.8%
         Removing {25}, Using feature(s) {40,39,38,37,36,35,34,32,31,30,13,12,11,10,9,8,7,5,4,3,2,1,14,15,16,17,18,19,20,22,23,24,26,27,28,29} accuracy is 71.6%
         Removing {26}, Using feature(s) {40,39,38,37,36,35,34,32,31,30,13,12,11,10,9,8,7,5,4,3,2,1,14,15,16,17,18,19,20,22,23,24,25,27,28,29} accuracy is 71.1%
         Removing {27}, Using feature(s) {40,39,38,37,36,35,34,32,31,30,13,12,11,10,9,8,7,5,4,3,2,1,14,15,16,17,18,19,20,22,23,24,25,26,28,29} accuracy is 70.8%
         Removing {28}, Using feature(s) {40,39,38,37,36,35,34,32,31,30,13,12,11,10,9,8,7,5,4,3,2,1,14,15,16,17,18,19,20,22,23,24,25,26,27,29} accuracy is 72.4%
         Removing {29}, Using feature(s) {40,39,38,37,36,35,34,32,31,30,13,12,11,10,9,8,7,5,4,3,2,1,14,15,16,17,18,19,20,22,23,24,25,26,27,28} accuracy is 71.7%
         Removing {30}, Using feature(s) {40,39,38,37,36,35,34,32,31,13,12,11,10,9,8,7,5,4,3,2,1,14,15,16,17,18,19,20,22,23,24,25,26,27,28,29} accuracy is 70.6%
         Removing {31}, Using feature(s) {40,39,38,37,36,35,34,32,30,13,12,11,10,9,8,7,5,4,3,2,1,14,15,16,17,18,19,20,22,23,24,25,26,27,28,29} accuracy is 71.6%
         Removing {32}, Using feature(s) {40,39,38,37,36,35,34,31,30,13,12,11,10,9,8,7,5,4,3,2,1,14,15,16,17,18,19,20,22,23,24,25,26,27,28,29} accuracy is 71.3%
         Removing {34}, Using feature(s) {40,39,38,37,36,35,32,31,30,13,12,11,10,9,8,7,5,4,3,2,1,14,15,16,17,18,19,20,22,23,24,25,26,27,28,29} accuracy is 71.1%
         Removing {35}, Using feature(s) {40,39,38,37,36,34,32,31,30,13,12,11,10,9,8,7,5,4,3,2,1,14,15,16,17,18,19,20,22,23,24,25,26,27,28,29} accuracy is 70.3%
         Removing {36}, Using feature(s) {40,39,38,37,35,34,32,31,30,13,12,11,10,9,8,7,5,4,3,2,1,14,15,16,17,18,19,20,22,23,24,25,26,27,28,29} accuracy is 70.6%
         Removing {37}, Using feature(s) {40,39,38,36,35,34,32,31,30,13,12,11,10,9,8,7,5,4,3,2,1,14,15,16,17,18,19,20,22,23,24,25,26,27,28,29} accuracy is 71%
         Removing {38}, Using feature(s) {40,39,37,36,35,34,32,31,30,13,12,11,10,9,8,7,5,4,3,2,1,14,15,16,17,18,19,20,22,23,24,25,26,27,28,29} accuracy is 72%
         Removing {39}, Using feature(s) {40,38,37,36,35,34,32,31,30,13,12,11,10,9,8,7,5,4,3,2,1,14,15,16,17,18,19,20,22,23,24,25,26,27,28,29} accuracy is 71.6%
         Removing {40}, Using feature(s) {39,38,37,36,35,34,32,31,30,13,12,11,10,9,8,7,5,4,3,2,1,14,15,16,17,18,19,20,22,23,24,25,26,27,28,29} accuracy is 71.1%

Feature set {40,39,38,37,36,35,34,32,31,30,13,12,11,10,9,8,7,5,4,3,2,1,14,15,17,18,19,20,22,23,24,25,26,27,28,29} was best, accuracy is 72.6%

         Removing {1}, Using feature(s) {40,39,38,37,36,35,34,32,31,30,13,12,11,10,9,8,7,5,4,3,2,14,15,17,18,19,20,22,23,24,25,26,27,28,29} accuracy is 71.9%
         Removing {2}, Using feature(s) {40,39,38,37,36,35,34,32,31,30,13,12,11,10,9,8,7,5,4,3,1,14,15,17,18,19,20,22,23,24,25,26,27,28,29} accuracy is 72.4%
         Removing {3}, Using feature(s) {40,39,38,37,36,35,34,32,31,30,13,12,11,10,9,8,7,5,4,2,1,14,15,17,18,19,20,22,23,24,25,26,27,28,29} accuracy is 70.2%
         Removing {4}, Using feature(s) {40,39,38,37,36,35,34,32,31,30,13,12,11,10,9,8,7,5,3,2,1,14,15,17,18,19,20,22,23,24,25,26,27,28,29} accuracy is 72.4%
         Removing {5}, Using feature(s) {40,39,38,37,36,35,34,32,31,30,13,12,11,10,9,8,7,4,3,2,1,14,15,17,18,19,20,22,23,24,25,26,27,28,29} accuracy is 71.3%
         Removing {7}, Using feature(s) {40,39,38,37,36,35,34,32,31,30,13,12,11,10,9,8,5,4,3,2,1,14,15,17,18,19,20,22,23,24,25,26,27,28,29} accuracy is 72.2%
         Removing {8}, Using feature(s) {40,39,38,37,36,35,34,32,31,30,13,12,11,10,9,7,5,4,3,2,1,14,15,17,18,19,20,22,23,24,25,26,27,28,29} accuracy is 72.2%
         Removing {9}, Using feature(s) {40,39,38,37,36,35,34,32,31,30,13,12,11,10,8,7,5,4,3,2,1,14,15,17,18,19,20,22,23,24,25,26,27,28,29} accuracy is 72%
         Removing {10}, Using feature(s) {40,39,38,37,36,35,34,32,31,30,13,12,11,9,8,7,5,4,3,2,1,14,15,17,18,19,20,22,23,24,25,26,27,28,29} accuracy is 71.4%
         Removing {11}, Using feature(s) {40,39,38,37,36,35,34,32,31,30,13,12,10,9,8,7,5,4,3,2,1,14,15,17,18,19,20,22,23,24,25,26,27,28,29} accuracy is 71.8%
         Removing {12}, Using feature(s) {40,39,38,37,36,35,34,32,31,30,13,11,10,9,8,7,5,4,3,2,1,14,15,17,18,19,20,22,23,24,25,26,27,28,29} accuracy is 71.5%
         Removing {13}, Using feature(s) {40,39,38,37,36,35,34,32,31,30,12,11,10,9,8,7,5,4,3,2,1,14,15,17,18,19,20,22,23,24,25,26,27,28,29} accuracy is 71.7%
         Removing {14}, Using feature(s) {40,39,38,37,36,35,34,32,31,30,13,12,11,10,9,8,7,5,4,3,2,1,15,17,18,19,20,22,23,24,25,26,27,28,29} accuracy is 70.9%
         Removing {15}, Using feature(s) {40,39,38,37,36,35,34,32,31,30,13,12,11,10,9,8,7,5,4,3,2,1,14,17,18,19,20,22,23,24,25,26,27,28,29} accuracy is 72%
         Removing {17}, Using feature(s) {40,39,38,37,36,35,34,32,31,30,13,12,11,10,9,8,7,5,4,3,2,1,14,15,18,19,20,22,23,24,25,26,27,28,29} accuracy is 72.5%
         Removing {18}, Using feature(s) {40,39,38,37,36,35,34,32,31,30,13,12,11,10,9,8,7,5,4,3,2,1,14,15,17,19,20,22,23,24,25,26,27,28,29} accuracy is 71.6%
         Removing {19}, Using feature(s) {40,39,38,37,36,35,34,32,31,30,13,12,11,10,9,8,7,5,4,3,2,1,14,15,17,18,20,22,23,24,25,26,27,28,29} accuracy is 72.2%
         Removing {20}, Using feature(s) {40,39,38,37,36,35,34,32,31,30,13,12,11,10,9,8,7,5,4,3,2,1,14,15,17,18,19,22,23,24,25,26,27,28,29} accuracy is 70.9%
         Removing {22}, Using feature(s) {40,39,38,37,36,35,34,32,31,30,13,12,11,10,9,8,7,5,4,3,2,1,14,15,17,18,19,20,23,24,25,26,27,28,29} accuracy is 70.8%
         Removing {23}, Using feature(s) {40,39,38,37,36,35,34,32,31,30,13,12,11,10,9,8,7,5,4,3,2,1,14,15,17,18,19,20,22,24,25,26,27,28,29} accuracy is 71.5%
         Removing {24}, Using feature(s) {40,39,38,37,36,35,34,32,31,30,13,12,11,10,9,8,7,5,4,3,2,1,14,15,17,18,19,20,22,23,25,26,27,28,29} accuracy is 71.7%
         Removing {25}, Using feature(s) {40,39,38,37,36,35,34,32,31,30,13,12,11,10,9,8,7,5,4,3,2,1,14,15,17,18,19,20,22,23,24,26,27,28,29} accuracy is 71.3%
         Removing {26}, Using feature(s) {40,39,38,37,36,35,34,32,31,30,13,12,11,10,9,8,7,5,4,3,2,1,14,15,17,18,19,20,22,23,24,25,27,28,29} accuracy is 72%
         Removing {27}, Using feature(s) {40,39,38,37,36,35,34,32,31,30,13,12,11,10,9,8,7,5,4,3,2,1,14,15,17,18,19,20,22,23,24,25,26,28,29} accuracy is 71.7%
         Removing {28}, Using feature(s) {40,39,38,37,36,35,34,32,31,30,13,12,11,10,9,8,7,5,4,3,2,1,14,15,17,18,19,20,22,23,24,25,26,27,29} accuracy is 72.1%
         Removing {29}, Using feature(s) {40,39,38,37,36,35,34,32,31,30,13,12,11,10,9,8,7,5,4,3,2,1,14,15,17,18,19,20,22,23,24,25,26,27,28} accuracy is 71.4%
         Removing {30}, Using feature(s) {40,39,38,37,36,35,34,32,31,13,12,11,10,9,8,7,5,4,3,2,1,14,15,17,18,19,20,22,23,24,25,26,27,28,29} accuracy is 71.7%
         Removing {31}, Using feature(s) {40,39,38,37,36,35,34,32,30,13,12,11,10,9,8,7,5,4,3,2,1,14,15,17,18,19,20,22,23,24,25,26,27,28,29} accuracy is 72.2%
         Removing {32}, Using feature(s) {40,39,38,37,36,35,34,31,30,13,12,11,10,9,8,7,5,4,3,2,1,14,15,17,18,19,20,22,23,24,25,26,27,28,29} accuracy is 73.5%
         Removing {34}, Using feature(s) {40,39,38,37,36,35,32,31,30,13,12,11,10,9,8,7,5,4,3,2,1,14,15,17,18,19,20,22,23,24,25,26,27,28,29} accuracy is 73%
         Removing {35}, Using feature(s) {40,39,38,37,36,34,32,31,30,13,12,11,10,9,8,7,5,4,3,2,1,14,15,17,18,19,20,22,23,24,25,26,27,28,29} accuracy is 71%
         Removing {36}, Using feature(s) {40,39,38,37,35,34,32,31,30,13,12,11,10,9,8,7,5,4,3,2,1,14,15,17,18,19,20,22,23,24,25,26,27,28,29} accuracy is 71.8%
         Removing {37}, Using feature(s) {40,39,38,36,35,34,32,31,30,13,12,11,10,9,8,7,5,4,3,2,1,14,15,17,18,19,20,22,23,24,25,26,27,28,29} accuracy is 72.2%
         Removing {38}, Using feature(s) {40,39,37,36,35,34,32,31,30,13,12,11,10,9,8,7,5,4,3,2,1,14,15,17,18,19,20,22,23,24,25,26,27,28,29} accuracy is 72.6%
         Removing {39}, Using feature(s) {40,38,37,36,35,34,32,31,30,13,12,11,10,9,8,7,5,4,3,2,1,14,15,17,18,19,20,22,23,24,25,26,27,28,29} accuracy is 72.3%
         Removing {40}, Using feature(s) {39,38,37,36,35,34,32,31,30,13,12,11,10,9,8,7,5,4,3,2,1,14,15,17,18,19,20,22,23,24,25,26,27,28,29} accuracy is 72.9%

Feature set {40,39,38,37,36,35,34,31,30,13,12,11,10,9,8,7,5,4,3,2,1,14,15,17,18,19,20,22,23,24,25,26,27,28,29} was best, accuracy is 73.5%

         Removing {1}, Using feature(s) {40,39,38,37,36,35,34,31,30,13,12,11,10,9,8,7,5,4,3,2,14,15,17,18,19,20,22,23,24,25,26,27,28,29} accuracy is 72.8%
         Removing {2}, Using feature(s) {40,39,38,37,36,35,34,31,30,13,12,11,10,9,8,7,5,4,3,1,14,15,17,18,19,20,22,23,24,25,26,27,28,29} accuracy is 72.2%
         Removing {3}, Using feature(s) {40,39,38,37,36,35,34,31,30,13,12,11,10,9,8,7,5,4,2,1,14,15,17,18,19,20,22,23,24,25,26,27,28,29} accuracy is 71%
         Removing {4}, Using feature(s) {40,39,38,37,36,35,34,31,30,13,12,11,10,9,8,7,5,3,2,1,14,15,17,18,19,20,22,23,24,25,26,27,28,29} accuracy is 72.9%
         Removing {5}, Using feature(s) {40,39,38,37,36,35,34,31,30,13,12,11,10,9,8,7,4,3,2,1,14,15,17,18,19,20,22,23,24,25,26,27,28,29} accuracy is 71.1%
         Removing {7}, Using feature(s) {40,39,38,37,36,35,34,31,30,13,12,11,10,9,8,5,4,3,2,1,14,15,17,18,19,20,22,23,24,25,26,27,28,29} accuracy is 73.7%
         Removing {8}, Using feature(s) {40,39,38,37,36,35,34,31,30,13,12,11,10,9,7,5,4,3,2,1,14,15,17,18,19,20,22,23,24,25,26,27,28,29} accuracy is 73.5%
         Removing {9}, Using feature(s) {40,39,38,37,36,35,34,31,30,13,12,11,10,8,7,5,4,3,2,1,14,15,17,18,19,20,22,23,24,25,26,27,28,29} accuracy is 72.5%
         Removing {10}, Using feature(s) {40,39,38,37,36,35,34,31,30,13,12,11,9,8,7,5,4,3,2,1,14,15,17,18,19,20,22,23,24,25,26,27,28,29} accuracy is 72.5%
         Removing {11}, Using feature(s) {40,39,38,37,36,35,34,31,30,13,12,10,9,8,7,5,4,3,2,1,14,15,17,18,19,20,22,23,24,25,26,27,28,29} accuracy is 72.2%
         Removing {12}, Using feature(s) {40,39,38,37,36,35,34,31,30,13,11,10,9,8,7,5,4,3,2,1,14,15,17,18,19,20,22,23,24,25,26,27,28,29} accuracy is 71.6%
         Removing {13}, Using feature(s) {40,39,38,37,36,35,34,31,30,12,11,10,9,8,7,5,4,3,2,1,14,15,17,18,19,20,22,23,24,25,26,27,28,29} accuracy is 72.6%
         Removing {14}, Using feature(s) {40,39,38,37,36,35,34,31,30,13,12,11,10,9,8,7,5,4,3,2,1,15,17,18,19,20,22,23,24,25,26,27,28,29} accuracy is 72.5%
         Removing {15}, Using feature(s) {40,39,38,37,36,35,34,31,30,13,12,11,10,9,8,7,5,4,3,2,1,14,17,18,19,20,22,23,24,25,26,27,28,29} accuracy is 73.1%
         Removing {17}, Using feature(s) {40,39,38,37,36,35,34,31,30,13,12,11,10,9,8,7,5,4,3,2,1,14,15,18,19,20,22,23,24,25,26,27,28,29} accuracy is 72.6%
         Removing {18}, Using feature(s) {40,39,38,37,36,35,34,31,30,13,12,11,10,9,8,7,5,4,3,2,1,14,15,17,19,20,22,23,24,25,26,27,28,29} accuracy is 72.5%
         Removing {19}, Using feature(s) {40,39,38,37,36,35,34,31,30,13,12,11,10,9,8,7,5,4,3,2,1,14,15,17,18,20,22,23,24,25,26,27,28,29} accuracy is 71.7%
         Removing {20}, Using feature(s) {40,39,38,37,36,35,34,31,30,13,12,11,10,9,8,7,5,4,3,2,1,14,15,17,18,19,22,23,24,25,26,27,28,29} accuracy is 72.3%
         Removing {22}, Using feature(s) {40,39,38,37,36,35,34,31,30,13,12,11,10,9,8,7,5,4,3,2,1,14,15,17,18,19,20,23,24,25,26,27,28,29} accuracy is 72.2%
         Removing {23}, Using feature(s) {40,39,38,37,36,35,34,31,30,13,12,11,10,9,8,7,5,4,3,2,1,14,15,17,18,19,20,22,24,25,26,27,28,29} accuracy is 73.1%
         Removing {24}, Using feature(s) {40,39,38,37,36,35,34,31,30,13,12,11,10,9,8,7,5,4,3,2,1,14,15,17,18,19,20,22,23,25,26,27,28,29} accuracy is 72.3%
         Removing {25}, Using feature(s) {40,39,38,37,36,35,34,31,30,13,12,11,10,9,8,7,5,4,3,2,1,14,15,17,18,19,20,22,23,24,26,27,28,29} accuracy is 71.9%
         Removing {26}, Using feature(s) {40,39,38,37,36,35,34,31,30,13,12,11,10,9,8,7,5,4,3,2,1,14,15,17,18,19,20,22,23,24,25,27,28,29} accuracy is 72.5%
         Removing {27}, Using feature(s) {40,39,38,37,36,35,34,31,30,13,12,11,10,9,8,7,5,4,3,2,1,14,15,17,18,19,20,22,23,24,25,26,28,29} accuracy is 71.9%
         Removing {28}, Using feature(s) {40,39,38,37,36,35,34,31,30,13,12,11,10,9,8,7,5,4,3,2,1,14,15,17,18,19,20,22,23,24,25,26,27,29} accuracy is 71.3%
         Removing {29}, Using feature(s) {40,39,38,37,36,35,34,31,30,13,12,11,10,9,8,7,5,4,3,2,1,14,15,17,18,19,20,22,23,24,25,26,27,28} accuracy is 72.6%
         Removing {30}, Using feature(s) {40,39,38,37,36,35,34,31,13,12,11,10,9,8,7,5,4,3,2,1,14,15,17,18,19,20,22,23,24,25,26,27,28,29} accuracy is 73%
         Removing {31}, Using feature(s) {40,39,38,37,36,35,34,30,13,12,11,10,9,8,7,5,4,3,2,1,14,15,17,18,19,20,22,23,24,25,26,27,28,29} accuracy is 72.9%
         Removing {34}, Using feature(s) {40,39,38,37,36,35,31,30,13,12,11,10,9,8,7,5,4,3,2,1,14,15,17,18,19,20,22,23,24,25,26,27,28,29} accuracy is 73.1%
         Removing {35}, Using feature(s) {40,39,38,37,36,34,31,30,13,12,11,10,9,8,7,5,4,3,2,1,14,15,17,18,19,20,22,23,24,25,26,27,28,29} accuracy is 70.3%
         Removing {36}, Using feature(s) {40,39,38,37,35,34,31,30,13,12,11,10,9,8,7,5,4,3,2,1,14,15,17,18,19,20,22,23,24,25,26,27,28,29} accuracy is 71.2%
         Removing {37}, Using feature(s) {40,39,38,36,35,34,31,30,13,12,11,10,9,8,7,5,4,3,2,1,14,15,17,18,19,20,22,23,24,25,26,27,28,29} accuracy is 72.4%
         Removing {38}, Using feature(s) {40,39,37,36,35,34,31,30,13,12,11,10,9,8,7,5,4,3,2,1,14,15,17,18,19,20,22,23,24,25,26,27,28,29} accuracy is 73.7%
         Removing {39}, Using feature(s) {40,38,37,36,35,34,31,30,13,12,11,10,9,8,7,5,4,3,2,1,14,15,17,18,19,20,22,23,24,25,26,27,28,29} accuracy is 73.4%
         Removing {40}, Using feature(s) {39,38,37,36,35,34,31,30,13,12,11,10,9,8,7,5,4,3,2,1,14,15,17,18,19,20,22,23,24,25,26,27,28,29} accuracy is 72.7%

Feature set {40,39,38,37,36,35,34,31,30,13,12,11,10,9,8,5,4,3,2,1,14,15,17,18,19,20,22,23,24,25,26,27,28,29} was best, accuracy is 73.7%

         Removing {1}, Using feature(s) {40,39,38,37,36,35,34,31,30,13,12,11,10,9,8,5,4,3,2,14,15,17,18,19,20,22,23,24,25,26,27,28,29} accuracy is 71.4%
         Removing {2}, Using feature(s) {40,39,38,37,36,35,34,31,30,13,12,11,10,9,8,5,4,3,1,14,15,17,18,19,20,22,23,24,25,26,27,28,29} accuracy is 73.7%
         Removing {3}, Using feature(s) {40,39,38,37,36,35,34,31,30,13,12,11,10,9,8,5,4,2,1,14,15,17,18,19,20,22,23,24,25,26,27,28,29} accuracy is 71.7%
         Removing {4}, Using feature(s) {40,39,38,37,36,35,34,31,30,13,12,11,10,9,8,5,3,2,1,14,15,17,18,19,20,22,23,24,25,26,27,28,29} accuracy is 73.9%
         Removing {5}, Using feature(s) {40,39,38,37,36,35,34,31,30,13,12,11,10,9,8,4,3,2,1,14,15,17,18,19,20,22,23,24,25,26,27,28,29} accuracy is 71.4%
         Removing {8}, Using feature(s) {40,39,38,37,36,35,34,31,30,13,12,11,10,9,5,4,3,2,1,14,15,17,18,19,20,22,23,24,25,26,27,28,29} accuracy is 72.9%
         Removing {9}, Using feature(s) {40,39,38,37,36,35,34,31,30,13,12,11,10,8,5,4,3,2,1,14,15,17,18,19,20,22,23,24,25,26,27,28,29} accuracy is 72.5%
         Removing {10}, Using feature(s) {40,39,38,37,36,35,34,31,30,13,12,11,9,8,5,4,3,2,1,14,15,17,18,19,20,22,23,24,25,26,27,28,29} accuracy is 71.4%
         Removing {11}, Using feature(s) {40,39,38,37,36,35,34,31,30,13,12,10,9,8,5,4,3,2,1,14,15,17,18,19,20,22,23,24,25,26,27,28,29} accuracy is 72.4%
         Removing {12}, Using feature(s) {40,39,38,37,36,35,34,31,30,13,11,10,9,8,5,4,3,2,1,14,15,17,18,19,20,22,23,24,25,26,27,28,29} accuracy is 70.6%
         Removing {13}, Using feature(s) {40,39,38,37,36,35,34,31,30,12,11,10,9,8,5,4,3,2,1,14,15,17,18,19,20,22,23,24,25,26,27,28,29} accuracy is 72.8%
         Removing {14}, Using feature(s) {40,39,38,37,36,35,34,31,30,13,12,11,10,9,8,5,4,3,2,1,15,17,18,19,20,22,23,24,25,26,27,28,29} accuracy is 71.9%
         Removing {15}, Using feature(s) {40,39,38,37,36,35,34,31,30,13,12,11,10,9,8,5,4,3,2,1,14,17,18,19,20,22,23,24,25,26,27,28,29} accuracy is 72.3%
         Removing {17}, Using feature(s) {40,39,38,37,36,35,34,31,30,13,12,11,10,9,8,5,4,3,2,1,14,15,18,19,20,22,23,24,25,26,27,28,29} accuracy is 72.9%
         Removing {18}, Using feature(s) {40,39,38,37,36,35,34,31,30,13,12,11,10,9,8,5,4,3,2,1,14,15,17,19,20,22,23,24,25,26,27,28,29} accuracy is 72.9%
         Removing {19}, Using feature(s) {40,39,38,37,36,35,34,31,30,13,12,11,10,9,8,5,4,3,2,1,14,15,17,18,20,22,23,24,25,26,27,28,29} accuracy is 72.4%
         Removing {20}, Using feature(s) {40,39,38,37,36,35,34,31,30,13,12,11,10,9,8,5,4,3,2,1,14,15,17,18,19,22,23,24,25,26,27,28,29} accuracy is 72.1%
         Removing {22}, Using feature(s) {40,39,38,37,36,35,34,31,30,13,12,11,10,9,8,5,4,3,2,1,14,15,17,18,19,20,23,24,25,26,27,28,29} accuracy is 71.3%
         Removing {23}, Using feature(s) {40,39,38,37,36,35,34,31,30,13,12,11,10,9,8,5,4,3,2,1,14,15,17,18,19,20,22,24,25,26,27,28,29} accuracy is 73.3%
         Removing {24}, Using feature(s) {40,39,38,37,36,35,34,31,30,13,12,11,10,9,8,5,4,3,2,1,14,15,17,18,19,20,22,23,25,26,27,28,29} accuracy is 71.7%
         Removing {25}, Using feature(s) {40,39,38,37,36,35,34,31,30,13,12,11,10,9,8,5,4,3,2,1,14,15,17,18,19,20,22,23,24,26,27,28,29} accuracy is 71.6%
         Removing {26}, Using feature(s) {40,39,38,37,36,35,34,31,30,13,12,11,10,9,8,5,4,3,2,1,14,15,17,18,19,20,22,23,24,25,27,28,29} accuracy is 72.3%
         Removing {27}, Using feature(s) {40,39,38,37,36,35,34,31,30,13,12,11,10,9,8,5,4,3,2,1,14,15,17,18,19,20,22,23,24,25,26,28,29} accuracy is 71.8%
         Removing {28}, Using feature(s) {40,39,38,37,36,35,34,31,30,13,12,11,10,9,8,5,4,3,2,1,14,15,17,18,19,20,22,23,24,25,26,27,29} accuracy is 71.6%
         Removing {29}, Using feature(s) {40,39,38,37,36,35,34,31,30,13,12,11,10,9,8,5,4,3,2,1,14,15,17,18,19,20,22,23,24,25,26,27,28} accuracy is 73%
         Removing {30}, Using feature(s) {40,39,38,37,36,35,34,31,13,12,11,10,9,8,5,4,3,2,1,14,15,17,18,19,20,22,23,24,25,26,27,28,29} accuracy is 72.4%
         Removing {31}, Using feature(s) {40,39,38,37,36,35,34,30,13,12,11,10,9,8,5,4,3,2,1,14,15,17,18,19,20,22,23,24,25,26,27,28,29} accuracy is 71.8%
         Removing {34}, Using feature(s) {40,39,38,37,36,35,31,30,13,12,11,10,9,8,5,4,3,2,1,14,15,17,18,19,20,22,23,24,25,26,27,28,29} accuracy is 72.6%
         Removing {35}, Using feature(s) {40,39,38,37,36,34,31,30,13,12,11,10,9,8,5,4,3,2,1,14,15,17,18,19,20,22,23,24,25,26,27,28,29} accuracy is 70.6%
         Removing {36}, Using feature(s) {40,39,38,37,35,34,31,30,13,12,11,10,9,8,5,4,3,2,1,14,15,17,18,19,20,22,23,24,25,26,27,28,29} accuracy is 71.3%
         Removing {37}, Using feature(s) {40,39,38,36,35,34,31,30,13,12,11,10,9,8,5,4,3,2,1,14,15,17,18,19,20,22,23,24,25,26,27,28,29} accuracy is 71.4%
         Removing {38}, Using feature(s) {40,39,37,36,35,34,31,30,13,12,11,10,9,8,5,4,3,2,1,14,15,17,18,19,20,22,23,24,25,26,27,28,29} accuracy is 73.1%
         Removing {39}, Using feature(s) {40,38,37,36,35,34,31,30,13,12,11,10,9,8,5,4,3,2,1,14,15,17,18,19,20,22,23,24,25,26,27,28,29} accuracy is 73.2%
         Removing {40}, Using feature(s) {39,38,37,36,35,34,31,30,13,12,11,10,9,8,5,4,3,2,1,14,15,17,18,19,20,22,23,24,25,26,27,28,29} accuracy is 72.7%

Feature set {40,39,38,37,36,35,34,31,30,13,12,11,10,9,8,5,3,2,1,14,15,17,18,19,20,22,23,24,25,26,27,28,29} was best, accuracy is 73.9%

         Removing {1}, Using feature(s) {40,39,38,37,36,35,34,31,30,13,12,11,10,9,8,5,3,2,14,15,17,18,19,20,22,23,24,25,26,27,28,29} accuracy is 72.8%
         Removing {2}, Using feature(s) {40,39,38,37,36,35,34,31,30,13,12,11,10,9,8,5,3,1,14,15,17,18,19,20,22,23,24,25,26,27,28,29} accuracy is 72.5%
         Removing {3}, Using feature(s) {40,39,38,37,36,35,34,31,30,13,12,11,10,9,8,5,2,1,14,15,17,18,19,20,22,23,24,25,26,27,28,29} accuracy is 72.3%
         Removing {5}, Using feature(s) {40,39,38,37,36,35,34,31,30,13,12,11,10,9,8,3,2,1,14,15,17,18,19,20,22,23,24,25,26,27,28,29} accuracy is 71.8%
         Removing {8}, Using feature(s) {40,39,38,37,36,35,34,31,30,13,12,11,10,9,5,3,2,1,14,15,17,18,19,20,22,23,24,25,26,27,28,29} accuracy is 73.3%
         Removing {9}, Using feature(s) {40,39,38,37,36,35,34,31,30,13,12,11,10,8,5,3,2,1,14,15,17,18,19,20,22,23,24,25,26,27,28,29} accuracy is 72.1%
         Removing {10}, Using feature(s) {40,39,38,37,36,35,34,31,30,13,12,11,9,8,5,3,2,1,14,15,17,18,19,20,22,23,24,25,26,27,28,29} accuracy is 72.6%
         Removing {11}, Using feature(s) {40,39,38,37,36,35,34,31,30,13,12,10,9,8,5,3,2,1,14,15,17,18,19,20,22,23,24,25,26,27,28,29} accuracy is 73%
         Removing {12}, Using feature(s) {40,39,38,37,36,35,34,31,30,13,11,10,9,8,5,3,2,1,14,15,17,18,19,20,22,23,24,25,26,27,28,29} accuracy is 72.2%
         Removing {13}, Using feature(s) {40,39,38,37,36,35,34,31,30,12,11,10,9,8,5,3,2,1,14,15,17,18,19,20,22,23,24,25,26,27,28,29} accuracy is 73.7%
         Removing {14}, Using feature(s) {40,39,38,37,36,35,34,31,30,13,12,11,10,9,8,5,3,2,1,15,17,18,19,20,22,23,24,25,26,27,28,29} accuracy is 73.3%
         Removing {15}, Using feature(s) {40,39,38,37,36,35,34,31,30,13,12,11,10,9,8,5,3,2,1,14,17,18,19,20,22,23,24,25,26,27,28,29} accuracy is 73.1%
         Removing {17}, Using feature(s) {40,39,38,37,36,35,34,31,30,13,12,11,10,9,8,5,3,2,1,14,15,18,19,20,22,23,24,25,26,27,28,29} accuracy is 72.7%
         Removing {18}, Using feature(s) {40,39,38,37,36,35,34,31,30,13,12,11,10,9,8,5,3,2,1,14,15,17,19,20,22,23,24,25,26,27,28,29} accuracy is 72.2%
         Removing {19}, Using feature(s) {40,39,38,37,36,35,34,31,30,13,12,11,10,9,8,5,3,2,1,14,15,17,18,20,22,23,24,25,26,27,28,29} accuracy is 72.4%
         Removing {20}, Using feature(s) {40,39,38,37,36,35,34,31,30,13,12,11,10,9,8,5,3,2,1,14,15,17,18,19,22,23,24,25,26,27,28,29} accuracy is 70.7%
         Removing {22}, Using feature(s) {40,39,38,37,36,35,34,31,30,13,12,11,10,9,8,5,3,2,1,14,15,17,18,19,20,23,24,25,26,27,28,29} accuracy is 71.7%
         Removing {23}, Using feature(s) {40,39,38,37,36,35,34,31,30,13,12,11,10,9,8,5,3,2,1,14,15,17,18,19,20,22,24,25,26,27,28,29} accuracy is 73.8%
         Removing {24}, Using feature(s) {40,39,38,37,36,35,34,31,30,13,12,11,10,9,8,5,3,2,1,14,15,17,18,19,20,22,23,25,26,27,28,29} accuracy is 73.6%
         Removing {25}, Using feature(s) {40,39,38,37,36,35,34,31,30,13,12,11,10,9,8,5,3,2,1,14,15,17,18,19,20,22,23,24,26,27,28,29} accuracy is 72.9%
         Removing {26}, Using feature(s) {40,39,38,37,36,35,34,31,30,13,12,11,10,9,8,5,3,2,1,14,15,17,18,19,20,22,23,24,25,27,28,29} accuracy is 71.4%
         Removing {27}, Using feature(s) {40,39,38,37,36,35,34,31,30,13,12,11,10,9,8,5,3,2,1,14,15,17,18,19,20,22,23,24,25,26,28,29} accuracy is 72.2%
         Removing {28}, Using feature(s) {40,39,38,37,36,35,34,31,30,13,12,11,10,9,8,5,3,2,1,14,15,17,18,19,20,22,23,24,25,26,27,29} accuracy is 72.5%
         Removing {29}, Using feature(s) {40,39,38,37,36,35,34,31,30,13,12,11,10,9,8,5,3,2,1,14,15,17,18,19,20,22,23,24,25,26,27,28} accuracy is 73.8%
         Removing {30}, Using feature(s) {40,39,38,37,36,35,34,31,13,12,11,10,9,8,5,3,2,1,14,15,17,18,19,20,22,23,24,25,26,27,28,29} accuracy is 71.7%
         Removing {31}, Using feature(s) {40,39,38,37,36,35,34,30,13,12,11,10,9,8,5,3,2,1,14,15,17,18,19,20,22,23,24,25,26,27,28,29} accuracy is 72.5%
         Removing {34}, Using feature(s) {40,39,38,37,36,35,31,30,13,12,11,10,9,8,5,3,2,1,14,15,17,18,19,20,22,23,24,25,26,27,28,29} accuracy is 73.1%
         Removing {35}, Using feature(s) {40,39,38,37,36,34,31,30,13,12,11,10,9,8,5,3,2,1,14,15,17,18,19,20,22,23,24,25,26,27,28,29} accuracy is 71.4%
         Removing {36}, Using feature(s) {40,39,38,37,35,34,31,30,13,12,11,10,9,8,5,3,2,1,14,15,17,18,19,20,22,23,24,25,26,27,28,29} accuracy is 72.4%
         Removing {37}, Using feature(s) {40,39,38,36,35,34,31,30,13,12,11,10,9,8,5,3,2,1,14,15,17,18,19,20,22,23,24,25,26,27,28,29} accuracy is 72.2%
         Removing {38}, Using feature(s) {40,39,37,36,35,34,31,30,13,12,11,10,9,8,5,3,2,1,14,15,17,18,19,20,22,23,24,25,26,27,28,29} accuracy is 73.5%
         Removing {39}, Using feature(s) {40,38,37,36,35,34,31,30,13,12,11,10,9,8,5,3,2,1,14,15,17,18,19,20,22,23,24,25,26,27,28,29} accuracy is 73.9%
         Removing {40}, Using feature(s) {39,38,37,36,35,34,31,30,13,12,11,10,9,8,5,3,2,1,14,15,17,18,19,20,22,23,24,25,26,27,28,29} accuracy is 72.7%

Feature set {40,38,37,36,35,34,31,30,13,12,11,10,9,8,5,3,2,1,14,15,17,18,19,20,22,23,24,25,26,27,28,29} was best, accuracy is 73.9%

         Removing {1}, Using feature(s) {40,38,37,36,35,34,31,30,13,12,11,10,9,8,5,3,2,14,15,17,18,19,20,22,23,24,25,26,27,28,29} accuracy is 73.5%
         Removing {2}, Using feature(s) {40,38,37,36,35,34,31,30,13,12,11,10,9,8,5,3,1,14,15,17,18,19,20,22,23,24,25,26,27,28,29} accuracy is 73.1%
         Removing {3}, Using feature(s) {40,38,37,36,35,34,31,30,13,12,11,10,9,8,5,2,1,14,15,17,18,19,20,22,23,24,25,26,27,28,29} accuracy is 71%
         Removing {5}, Using feature(s) {40,38,37,36,35,34,31,30,13,12,11,10,9,8,3,2,1,14,15,17,18,19,20,22,23,24,25,26,27,28,29} accuracy is 72.1%
         Removing {8}, Using feature(s) {40,38,37,36,35,34,31,30,13,12,11,10,9,5,3,2,1,14,15,17,18,19,20,22,23,24,25,26,27,28,29} accuracy is 74.1%
         Removing {9}, Using feature(s) {40,38,37,36,35,34,31,30,13,12,11,10,8,5,3,2,1,14,15,17,18,19,20,22,23,24,25,26,27,28,29} accuracy is 72.4%
         Removing {10}, Using feature(s) {40,38,37,36,35,34,31,30,13,12,11,9,8,5,3,2,1,14,15,17,18,19,20,22,23,24,25,26,27,28,29} accuracy is 73%
         Removing {11}, Using feature(s) {40,38,37,36,35,34,31,30,13,12,10,9,8,5,3,2,1,14,15,17,18,19,20,22,23,24,25,26,27,28,29} accuracy is 72.7%
         Removing {12}, Using feature(s) {40,38,37,36,35,34,31,30,13,11,10,9,8,5,3,2,1,14,15,17,18,19,20,22,23,24,25,26,27,28,29} accuracy is 71.9%
         Removing {13}, Using feature(s) {40,38,37,36,35,34,31,30,12,11,10,9,8,5,3,2,1,14,15,17,18,19,20,22,23,24,25,26,27,28,29} accuracy is 73.4%
         Removing {14}, Using feature(s) {40,38,37,36,35,34,31,30,13,12,11,10,9,8,5,3,2,1,15,17,18,19,20,22,23,24,25,26,27,28,29} accuracy is 73.7%
         Removing {15}, Using feature(s) {40,38,37,36,35,34,31,30,13,12,11,10,9,8,5,3,2,1,14,17,18,19,20,22,23,24,25,26,27,28,29} accuracy is 73.4%
         Removing {17}, Using feature(s) {40,38,37,36,35,34,31,30,13,12,11,10,9,8,5,3,2,1,14,15,18,19,20,22,23,24,25,26,27,28,29} accuracy is 72.4%
         Removing {18}, Using feature(s) {40,38,37,36,35,34,31,30,13,12,11,10,9,8,5,3,2,1,14,15,17,19,20,22,23,24,25,26,27,28,29} accuracy is 72.3%
         Removing {19}, Using feature(s) {40,38,37,36,35,34,31,30,13,12,11,10,9,8,5,3,2,1,14,15,17,18,20,22,23,24,25,26,27,28,29} accuracy is 72.1%
         Removing {20}, Using feature(s) {40,38,37,36,35,34,31,30,13,12,11,10,9,8,5,3,2,1,14,15,17,18,19,22,23,24,25,26,27,28,29} accuracy is 72.5%
         Removing {22}, Using feature(s) {40,38,37,36,35,34,31,30,13,12,11,10,9,8,5,3,2,1,14,15,17,18,19,20,23,24,25,26,27,28,29} accuracy is 72.3%
         Removing {23}, Using feature(s) {40,38,37,36,35,34,31,30,13,12,11,10,9,8,5,3,2,1,14,15,17,18,19,20,22,24,25,26,27,28,29} accuracy is 72%
         Removing {24}, Using feature(s) {40,38,37,36,35,34,31,30,13,12,11,10,9,8,5,3,2,1,14,15,17,18,19,20,22,23,25,26,27,28,29} accuracy is 72.7%
         Removing {25}, Using feature(s) {40,38,37,36,35,34,31,30,13,12,11,10,9,8,5,3,2,1,14,15,17,18,19,20,22,23,24,26,27,28,29} accuracy is 73.4%
         Removing {26}, Using feature(s) {40,38,37,36,35,34,31,30,13,12,11,10,9,8,5,3,2,1,14,15,17,18,19,20,22,23,24,25,27,28,29} accuracy is 72%
         Removing {27}, Using feature(s) {40,38,37,36,35,34,31,30,13,12,11,10,9,8,5,3,2,1,14,15,17,18,19,20,22,23,24,25,26,28,29} accuracy is 72.3%
         Removing {28}, Using feature(s) {40,38,37,36,35,34,31,30,13,12,11,10,9,8,5,3,2,1,14,15,17,18,19,20,22,23,24,25,26,27,29} accuracy is 72.1%
         Removing {29}, Using feature(s) {40,38,37,36,35,34,31,30,13,12,11,10,9,8,5,3,2,1,14,15,17,18,19,20,22,23,24,25,26,27,28} accuracy is 73.1%
         Removing {30}, Using feature(s) {40,38,37,36,35,34,31,13,12,11,10,9,8,5,3,2,1,14,15,17,18,19,20,22,23,24,25,26,27,28,29} accuracy is 72.4%
         Removing {31}, Using feature(s) {40,38,37,36,35,34,30,13,12,11,10,9,8,5,3,2,1,14,15,17,18,19,20,22,23,24,25,26,27,28,29} accuracy is 72.3%
         Removing {34}, Using feature(s) {40,38,37,36,35,31,30,13,12,11,10,9,8,5,3,2,1,14,15,17,18,19,20,22,23,24,25,26,27,28,29} accuracy is 72.5%
         Removing {35}, Using feature(s) {40,38,37,36,34,31,30,13,12,11,10,9,8,5,3,2,1,14,15,17,18,19,20,22,23,24,25,26,27,28,29} accuracy is 71.8%
         Removing {36}, Using feature(s) {40,38,37,35,34,31,30,13,12,11,10,9,8,5,3,2,1,14,15,17,18,19,20,22,23,24,25,26,27,28,29} accuracy is 72.9%
         Removing {37}, Using feature(s) {40,38,36,35,34,31,30,13,12,11,10,9,8,5,3,2,1,14,15,17,18,19,20,22,23,24,25,26,27,28,29} accuracy is 73.4%
         Removing {38}, Using feature(s) {40,37,36,35,34,31,30,13,12,11,10,9,8,5,3,2,1,14,15,17,18,19,20,22,23,24,25,26,27,28,29} accuracy is 73.2%
         Removing {40}, Using feature(s) {38,37,36,35,34,31,30,13,12,11,10,9,8,5,3,2,1,14,15,17,18,19,20,22,23,24,25,26,27,28,29} accuracy is 71.2%

Feature set {40,38,37,36,35,34,31,30,13,12,11,10,9,5,3,2,1,14,15,17,18,19,20,22,23,24,25,26,27,28,29} was best, accuracy is 74.1%

         Removing {1}, Using feature(s) {40,38,37,36,35,34,31,30,13,12,11,10,9,5,3,2,14,15,17,18,19,20,22,23,24,25,26,27,28,29} accuracy is 73.1%
         Removing {2}, Using feature(s) {40,38,37,36,35,34,31,30,13,12,11,10,9,5,3,1,14,15,17,18,19,20,22,23,24,25,26,27,28,29} accuracy is 74%
         Removing {3}, Using feature(s) {40,38,37,36,35,34,31,30,13,12,11,10,9,5,2,1,14,15,17,18,19,20,22,23,24,25,26,27,28,29} accuracy is 72.1%
         Removing {5}, Using feature(s) {40,38,37,36,35,34,31,30,13,12,11,10,9,3,2,1,14,15,17,18,19,20,22,23,24,25,26,27,28,29} accuracy is 72%
         Removing {9}, Using feature(s) {40,38,37,36,35,34,31,30,13,12,11,10,5,3,2,1,14,15,17,18,19,20,22,23,24,25,26,27,28,29} accuracy is 72.6%
         Removing {10}, Using feature(s) {40,38,37,36,35,34,31,30,13,12,11,9,5,3,2,1,14,15,17,18,19,20,22,23,24,25,26,27,28,29} accuracy is 73.3%
         Removing {11}, Using feature(s) {40,38,37,36,35,34,31,30,13,12,10,9,5,3,2,1,14,15,17,18,19,20,22,23,24,25,26,27,28,29} accuracy is 72.6%
         Removing {12}, Using feature(s) {40,38,37,36,35,34,31,30,13,11,10,9,5,3,2,1,14,15,17,18,19,20,22,23,24,25,26,27,28,29} accuracy is 71.9%
         Removing {13}, Using feature(s) {40,38,37,36,35,34,31,30,12,11,10,9,5,3,2,1,14,15,17,18,19,20,22,23,24,25,26,27,28,29} accuracy is 73.2%
         Removing {14}, Using feature(s) {40,38,37,36,35,34,31,30,13,12,11,10,9,5,3,2,1,15,17,18,19,20,22,23,24,25,26,27,28,29} accuracy is 74.5%
         Removing {15}, Using feature(s) {40,38,37,36,35,34,31,30,13,12,11,10,9,5,3,2,1,14,17,18,19,20,22,23,24,25,26,27,28,29} accuracy is 74.5%
         Removing {17}, Using feature(s) {40,38,37,36,35,34,31,30,13,12,11,10,9,5,3,2,1,14,15,18,19,20,22,23,24,25,26,27,28,29} accuracy is 73.1%
         Removing {18}, Using feature(s) {40,38,37,36,35,34,31,30,13,12,11,10,9,5,3,2,1,14,15,17,19,20,22,23,24,25,26,27,28,29} accuracy is 72.7%
         Removing {19}, Using feature(s) {40,38,37,36,35,34,31,30,13,12,11,10,9,5,3,2,1,14,15,17,18,20,22,23,24,25,26,27,28,29} accuracy is 72.5%
         Removing {20}, Using feature(s) {40,38,37,36,35,34,31,30,13,12,11,10,9,5,3,2,1,14,15,17,18,19,22,23,24,25,26,27,28,29} accuracy is 72.6%
         Removing {22}, Using feature(s) {40,38,37,36,35,34,31,30,13,12,11,10,9,5,3,2,1,14,15,17,18,19,20,23,24,25,26,27,28,29} accuracy is 72.4%
         Removing {23}, Using feature(s) {40,38,37,36,35,34,31,30,13,12,11,10,9,5,3,2,1,14,15,17,18,19,20,22,24,25,26,27,28,29} accuracy is 73.2%
         Removing {24}, Using feature(s) {40,38,37,36,35,34,31,30,13,12,11,10,9,5,3,2,1,14,15,17,18,19,20,22,23,25,26,27,28,29} accuracy is 72.7%
         Removing {25}, Using feature(s) {40,38,37,36,35,34,31,30,13,12,11,10,9,5,3,2,1,14,15,17,18,19,20,22,23,24,26,27,28,29} accuracy is 74.5%
         Removing {26}, Using feature(s) {40,38,37,36,35,34,31,30,13,12,11,10,9,5,3,2,1,14,15,17,18,19,20,22,23,24,25,27,28,29} accuracy is 73.2%
         Removing {27}, Using feature(s) {40,38,37,36,35,34,31,30,13,12,11,10,9,5,3,2,1,14,15,17,18,19,20,22,23,24,25,26,28,29} accuracy is 73.5%
         Removing {28}, Using feature(s) {40,38,37,36,35,34,31,30,13,12,11,10,9,5,3,2,1,14,15,17,18,19,20,22,23,24,25,26,27,29} accuracy is 72.5%
         Removing {29}, Using feature(s) {40,38,37,36,35,34,31,30,13,12,11,10,9,5,3,2,1,14,15,17,18,19,20,22,23,24,25,26,27,28} accuracy is 72.6%
         Removing {30}, Using feature(s) {40,38,37,36,35,34,31,13,12,11,10,9,5,3,2,1,14,15,17,18,19,20,22,23,24,25,26,27,28,29} accuracy is 72.9%
         Removing {31}, Using feature(s) {40,38,37,36,35,34,30,13,12,11,10,9,5,3,2,1,14,15,17,18,19,20,22,23,24,25,26,27,28,29} accuracy is 72.5%
         Removing {34}, Using feature(s) {40,38,37,36,35,31,30,13,12,11,10,9,5,3,2,1,14,15,17,18,19,20,22,23,24,25,26,27,28,29} accuracy is 72.4%
         Removing {35}, Using feature(s) {40,38,37,36,34,31,30,13,12,11,10,9,5,3,2,1,14,15,17,18,19,20,22,23,24,25,26,27,28,29} accuracy is 72.4%
         Removing {36}, Using feature(s) {40,38,37,35,34,31,30,13,12,11,10,9,5,3,2,1,14,15,17,18,19,20,22,23,24,25,26,27,28,29} accuracy is 72.3%
         Removing {37}, Using feature(s) {40,38,36,35,34,31,30,13,12,11,10,9,5,3,2,1,14,15,17,18,19,20,22,23,24,25,26,27,28,29} accuracy is 72.8%
         Removing {38}, Using feature(s) {40,37,36,35,34,31,30,13,12,11,10,9,5,3,2,1,14,15,17,18,19,20,22,23,24,25,26,27,28,29} accuracy is 73.6%
         Removing {40}, Using feature(s) {38,37,36,35,34,31,30,13,12,11,10,9,5,3,2,1,14,15,17,18,19,20,22,23,24,25,26,27,28,29} accuracy is 73.2%

Feature set {40,38,37,36,35,34,31,30,13,12,11,10,9,5,3,2,1,15,17,18,19,20,22,23,24,25,26,27,28,29} was best, accuracy is 74.5%

         Removing {1}, Using feature(s) {40,38,37,36,35,34,31,30,13,12,11,10,9,5,3,2,15,17,18,19,20,22,23,24,25,26,27,28,29} accuracy is 72.7%
         Removing {2}, Using feature(s) {40,38,37,36,35,34,31,30,13,12,11,10,9,5,3,1,15,17,18,19,20,22,23,24,25,26,27,28,29} accuracy is 73.5%
         Removing {3}, Using feature(s) {40,38,37,36,35,34,31,30,13,12,11,10,9,5,2,1,15,17,18,19,20,22,23,24,25,26,27,28,29} accuracy is 72%
         Removing {5}, Using feature(s) {40,38,37,36,35,34,31,30,13,12,11,10,9,3,2,1,15,17,18,19,20,22,23,24,25,26,27,28,29} accuracy is 73.4%
         Removing {9}, Using feature(s) {40,38,37,36,35,34,31,30,13,12,11,10,5,3,2,1,15,17,18,19,20,22,23,24,25,26,27,28,29} accuracy is 71.9%
         Removing {10}, Using feature(s) {40,38,37,36,35,34,31,30,13,12,11,9,5,3,2,1,15,17,18,19,20,22,23,24,25,26,27,28,29} accuracy is 71.6%
         Removing {11}, Using feature(s) {40,38,37,36,35,34,31,30,13,12,10,9,5,3,2,1,15,17,18,19,20,22,23,24,25,26,27,28,29} accuracy is 73.5%
         Removing {12}, Using feature(s) {40,38,37,36,35,34,31,30,13,11,10,9,5,3,2,1,15,17,18,19,20,22,23,24,25,26,27,28,29} accuracy is 70.9%
         Removing {13}, Using feature(s) {40,38,37,36,35,34,31,30,12,11,10,9,5,3,2,1,15,17,18,19,20,22,23,24,25,26,27,28,29} accuracy is 72.3%
         Removing {15}, Using feature(s) {40,38,37,36,35,34,31,30,13,12,11,10,9,5,3,2,1,17,18,19,20,22,23,24,25,26,27,28,29} accuracy is 73.4%
         Removing {17}, Using feature(s) {40,38,37,36,35,34,31,30,13,12,11,10,9,5,3,2,1,15,18,19,20,22,23,24,25,26,27,28,29} accuracy is 73.2%
         Removing {18}, Using feature(s) {40,38,37,36,35,34,31,30,13,12,11,10,9,5,3,2,1,15,17,19,20,22,23,24,25,26,27,28,29} accuracy is 71.9%
         Removing {19}, Using feature(s) {40,38,37,36,35,34,31,30,13,12,11,10,9,5,3,2,1,15,17,18,20,22,23,24,25,26,27,28,29} accuracy is 71.5%
         Removing {20}, Using feature(s) {40,38,37,36,35,34,31,30,13,12,11,10,9,5,3,2,1,15,17,18,19,22,23,24,25,26,27,28,29} accuracy is 71.7%
         Removing {22}, Using feature(s) {40,38,37,36,35,34,31,30,13,12,11,10,9,5,3,2,1,15,17,18,19,20,23,24,25,26,27,28,29} accuracy is 73.5%
         Removing {23}, Using feature(s) {40,38,37,36,35,34,31,30,13,12,11,10,9,5,3,2,1,15,17,18,19,20,22,24,25,26,27,28,29} accuracy is 73.5%
         Removing {24}, Using feature(s) {40,38,37,36,35,34,31,30,13,12,11,10,9,5,3,2,1,15,17,18,19,20,22,23,25,26,27,28,29} accuracy is 73.8%
         Removing {25}, Using feature(s) {40,38,37,36,35,34,31,30,13,12,11,10,9,5,3,2,1,15,17,18,19,20,22,23,24,26,27,28,29} accuracy is 74.2%
         Removing {26}, Using feature(s) {40,38,37,36,35,34,31,30,13,12,11,10,9,5,3,2,1,15,17,18,19,20,22,23,24,25,27,28,29} accuracy is 73.9%
         Removing {27}, Using feature(s) {40,38,37,36,35,34,31,30,13,12,11,10,9,5,3,2,1,15,17,18,19,20,22,23,24,25,26,28,29} accuracy is 72.9%
         Removing {28}, Using feature(s) {40,38,37,36,35,34,31,30,13,12,11,10,9,5,3,2,1,15,17,18,19,20,22,23,24,25,26,27,29} accuracy is 73.2%
         Removing {29}, Using feature(s) {40,38,37,36,35,34,31,30,13,12,11,10,9,5,3,2,1,15,17,18,19,20,22,23,24,25,26,27,28} accuracy is 73.2%
         Removing {30}, Using feature(s) {40,38,37,36,35,34,31,13,12,11,10,9,5,3,2,1,15,17,18,19,20,22,23,24,25,26,27,28,29} accuracy is 72%
         Removing {31}, Using feature(s) {40,38,37,36,35,34,30,13,12,11,10,9,5,3,2,1,15,17,18,19,20,22,23,24,25,26,27,28,29} accuracy is 73.3%
         Removing {34}, Using feature(s) {40,38,37,36,35,31,30,13,12,11,10,9,5,3,2,1,15,17,18,19,20,22,23,24,25,26,27,28,29} accuracy is 71.5%
         Removing {35}, Using feature(s) {40,38,37,36,34,31,30,13,12,11,10,9,5,3,2,1,15,17,18,19,20,22,23,24,25,26,27,28,29} accuracy is 72.9%
         Removing {36}, Using feature(s) {40,38,37,35,34,31,30,13,12,11,10,9,5,3,2,1,15,17,18,19,20,22,23,24,25,26,27,28,29} accuracy is 72.4%
         Removing {37}, Using feature(s) {40,38,36,35,34,31,30,13,12,11,10,9,5,3,2,1,15,17,18,19,20,22,23,24,25,26,27,28,29} accuracy is 72.7%
         Removing {38}, Using feature(s) {40,37,36,35,34,31,30,13,12,11,10,9,5,3,2,1,15,17,18,19,20,22,23,24,25,26,27,28,29} accuracy is 73.5%
         Removing {40}, Using feature(s) {38,37,36,35,34,31,30,13,12,11,10,9,5,3,2,1,15,17,18,19,20,22,23,24,25,26,27,28,29} accuracy is 73.4%

Feature set {40,38,37,36,35,34,31,30,13,12,11,10,9,5,3,2,1,15,17,18,19,20,22,23,24,26,27,28,29} was best, accuracy is 74.2%

(Warning, Accuracy has decreased!)
Finished Search!! The best features subset is {40,38,37,36,35,34,31,30,13,12,11,10,9,5,3,2,1,15,17,18,19,20,22,23,24,25,26,27,28,29}, which has an accuracy of 74.5%