Welcome to Group 3's CS170 Project 2 - Machine Learning Feature Selection Algorithm
Type in the name of the file to test: CS170_Spring_2023_Large_data__2.txt

Type the number of the algorithm you want to run.

         1) Forward Selection
         2) Backward Elimination


2
Calling Backward Elimination Search
Using all features {40,39,38,37,36,35,34,33,32,31,30,13,12,11,10,9,8,7,6,5,4,3,2,1,14,15,16,17,18,19,20,21,22,23,24,25,26,27,28,29}, I get an accuracy of 72.3%

Beginning search

         Removing {1}, Using feature(s) {40,39,38,37,36,35,34,33,32,31,30,13,12,11,10,9,8,7,6,5,4,3,2,14,15,16,17,18,19,20,21,22,23,24,25,26,27,28,29} accuracy is 72.2%
         Removing {2}, Using feature(s) {40,39,38,37,36,35,34,33,32,31,30,13,12,11,10,9,8,7,6,5,4,3,1,14,15,16,17,18,19,20,21,22,23,24,25,26,27,28,29} accuracy is 72.3%
         Removing {3}, Using feature(s) {40,39,38,37,36,35,34,33,32,31,30,13,12,11,10,9,8,7,6,5,4,2,1,14,15,16,17,18,19,20,21,22,23,24,25,26,27,28,29} accuracy is 72.3%
         Removing {4}, Using feature(s) {40,39,38,37,36,35,34,33,32,31,30,13,12,11,10,9,8,7,6,5,3,2,1,14,15,16,17,18,19,20,21,22,23,24,25,26,27,28,29} accuracy is 69.4%
         Removing {5}, Using feature(s) {40,39,38,37,36,35,34,33,32,31,30,13,12,11,10,9,8,7,6,4,3,2,1,14,15,16,17,18,19,20,21,22,23,24,25,26,27,28,29} accuracy is 72.9%
         Removing {6}, Using feature(s) {40,39,38,37,36,35,34,33,32,31,30,13,12,11,10,9,8,7,5,4,3,2,1,14,15,16,17,18,19,20,21,22,23,24,25,26,27,28,29} accuracy is 70.7%
         Removing {7}, Using feature(s) {40,39,38,37,36,35,34,33,32,31,30,13,12,11,10,9,8,6,5,4,3,2,1,14,15,16,17,18,19,20,21,22,23,24,25,26,27,28,29} accuracy is 73.4%
         Removing {8}, Using feature(s) {40,39,38,37,36,35,34,33,32,31,30,13,12,11,10,9,7,6,5,4,3,2,1,14,15,16,17,18,19,20,21,22,23,24,25,26,27,28,29} accuracy is 72.1%
         Removing {9}, Using feature(s) {40,39,38,37,36,35,34,33,32,31,30,13,12,11,10,8,7,6,5,4,3,2,1,14,15,16,17,18,19,20,21,22,23,24,25,26,27,28,29} accuracy is 71.9%
         Removing {10}, Using feature(s) {40,39,38,37,36,35,34,33,32,31,30,13,12,11,9,8,7,6,5,4,3,2,1,14,15,16,17,18,19,20,21,22,23,24,25,26,27,28,29} accuracy is 72%
         Removing {11}, Using feature(s) {40,39,38,37,36,35,34,33,32,31,30,13,12,10,9,8,7,6,5,4,3,2,1,14,15,16,17,18,19,20,21,22,23,24,25,26,27,28,29} accuracy is 72.4%
         Removing {12}, Using feature(s) {40,39,38,37,36,35,34,33,32,31,30,13,11,10,9,8,7,6,5,4,3,2,1,14,15,16,17,18,19,20,21,22,23,24,25,26,27,28,29} accuracy is 71.7%
         Removing {13}, Using feature(s) {40,39,38,37,36,35,34,33,32,31,30,12,11,10,9,8,7,6,5,4,3,2,1,14,15,16,17,18,19,20,21,22,23,24,25,26,27,28,29} accuracy is 72.1%
         Removing {14}, Using feature(s) {40,39,38,37,36,35,34,33,32,31,30,13,12,11,10,9,8,7,6,5,4,3,2,1,15,16,17,18,19,20,21,22,23,24,25,26,27,28,29} accuracy is 72.1%
         Removing {15}, Using feature(s) {40,39,38,37,36,35,34,33,32,31,30,13,12,11,10,9,8,7,6,5,4,3,2,1,14,16,17,18,19,20,21,22,23,24,25,26,27,28,29} accuracy is 73.2%
         Removing {16}, Using feature(s) {40,39,38,37,36,35,34,33,32,31,30,13,12,11,10,9,8,7,6,5,4,3,2,1,14,15,17,18,19,20,21,22,23,24,25,26,27,28,29} accuracy is 72.3%
         Removing {17}, Using feature(s) {40,39,38,37,36,35,34,33,32,31,30,13,12,11,10,9,8,7,6,5,4,3,2,1,14,15,16,18,19,20,21,22,23,24,25,26,27,28,29} accuracy is 71.6%
         Removing {18}, Using feature(s) {40,39,38,37,36,35,34,33,32,31,30,13,12,11,10,9,8,7,6,5,4,3,2,1,14,15,16,17,19,20,21,22,23,24,25,26,27,28,29} accuracy is 71.4%
         Removing {19}, Using feature(s) {40,39,38,37,36,35,34,33,32,31,30,13,12,11,10,9,8,7,6,5,4,3,2,1,14,15,16,17,18,20,21,22,23,24,25,26,27,28,29} accuracy is 71.8%
         Removing {20}, Using feature(s) {40,39,38,37,36,35,34,33,32,31,30,13,12,11,10,9,8,7,6,5,4,3,2,1,14,15,16,17,18,19,21,22,23,24,25,26,27,28,29} accuracy is 71.8%
         Removing {21}, Using feature(s) {40,39,38,37,36,35,34,33,32,31,30,13,12,11,10,9,8,7,6,5,4,3,2,1,14,15,16,17,18,19,20,22,23,24,25,26,27,28,29} accuracy is 71.6%
         Removing {22}, Using feature(s) {40,39,38,37,36,35,34,33,32,31,30,13,12,11,10,9,8,7,6,5,4,3,2,1,14,15,16,17,18,19,20,21,23,24,25,26,27,28,29} accuracy is 72.8%
         Removing {23}, Using feature(s) {40,39,38,37,36,35,34,33,32,31,30,13,12,11,10,9,8,7,6,5,4,3,2,1,14,15,16,17,18,19,20,21,22,24,25,26,27,28,29} accuracy is 73.4%
         Removing {24}, Using feature(s) {40,39,38,37,36,35,34,33,32,31,30,13,12,11,10,9,8,7,6,5,4,3,2,1,14,15,16,17,18,19,20,21,22,23,25,26,27,28,29} accuracy is 71.4%
         Removing {25}, Using feature(s) {40,39,38,37,36,35,34,33,32,31,30,13,12,11,10,9,8,7,6,5,4,3,2,1,14,15,16,17,18,19,20,21,22,23,24,26,27,28,29} accuracy is 72.3%
         Removing {26}, Using feature(s) {40,39,38,37,36,35,34,33,32,31,30,13,12,11,10,9,8,7,6,5,4,3,2,1,14,15,16,17,18,19,20,21,22,23,24,25,27,28,29} accuracy is 73.2%
         Removing {27}, Using feature(s) {40,39,38,37,36,35,34,33,32,31,30,13,12,11,10,9,8,7,6,5,4,3,2,1,14,15,16,17,18,19,20,21,22,23,24,25,26,28,29} accuracy is 72.1%
         Removing {28}, Using feature(s) {40,39,38,37,36,35,34,33,32,31,30,13,12,11,10,9,8,7,6,5,4,3,2,1,14,15,16,17,18,19,20,21,22,23,24,25,26,27,29} accuracy is 72.7%
         Removing {29}, Using feature(s) {40,39,38,37,36,35,34,33,32,31,30,13,12,11,10,9,8,7,6,5,4,3,2,1,14,15,16,17,18,19,20,21,22,23,24,25,26,27,28} accuracy is 72%
         Removing {30}, Using feature(s) {40,39,38,37,36,35,34,33,32,31,13,12,11,10,9,8,7,6,5,4,3,2,1,14,15,16,17,18,19,20,21,22,23,24,25,26,27,28,29} accuracy is 72.5%
         Removing {31}, Using feature(s) {40,39,38,37,36,35,34,33,32,30,13,12,11,10,9,8,7,6,5,4,3,2,1,14,15,16,17,18,19,20,21,22,23,24,25,26,27,28,29} accuracy is 72.8%
         Removing {32}, Using feature(s) {40,39,38,37,36,35,34,33,31,30,13,12,11,10,9,8,7,6,5,4,3,2,1,14,15,16,17,18,19,20,21,22,23,24,25,26,27,28,29} accuracy is 73.8%
         Removing {33}, Using feature(s) {40,39,38,37,36,35,34,32,31,30,13,12,11,10,9,8,7,6,5,4,3,2,1,14,15,16,17,18,19,20,21,22,23,24,25,26,27,28,29} accuracy is 72.1%
         Removing {34}, Using feature(s) {40,39,38,37,36,35,33,32,31,30,13,12,11,10,9,8,7,6,5,4,3,2,1,14,15,16,17,18,19,20,21,22,23,24,25,26,27,28,29} accuracy is 72.1%
         Removing {35}, Using feature(s) {40,39,38,37,36,34,33,32,31,30,13,12,11,10,9,8,7,6,5,4,3,2,1,14,15,16,17,18,19,20,21,22,23,24,25,26,27,28,29} accuracy is 71.3%
         Removing {36}, Using feature(s) {40,39,38,37,35,34,33,32,31,30,13,12,11,10,9,8,7,6,5,4,3,2,1,14,15,16,17,18,19,20,21,22,23,24,25,26,27,28,29} accuracy is 72%
         Removing {37}, Using feature(s) {40,39,38,36,35,34,33,32,31,30,13,12,11,10,9,8,7,6,5,4,3,2,1,14,15,16,17,18,19,20,21,22,23,24,25,26,27,28,29} accuracy is 72.4%
         Removing {38}, Using feature(s) {40,39,37,36,35,34,33,32,31,30,13,12,11,10,9,8,7,6,5,4,3,2,1,14,15,16,17,18,19,20,21,22,23,24,25,26,27,28,29} accuracy is 72%
         Removing {39}, Using feature(s) {40,38,37,36,35,34,33,32,31,30,13,12,11,10,9,8,7,6,5,4,3,2,1,14,15,16,17,18,19,20,21,22,23,24,25,26,27,28,29} accuracy is 71.1%
         Removing {40}, Using feature(s) {39,38,37,36,35,34,33,32,31,30,13,12,11,10,9,8,7,6,5,4,3,2,1,14,15,16,17,18,19,20,21,22,23,24,25,26,27,28,29} accuracy is 71.6%

Feature set {40,39,38,37,36,35,34,33,31,30,13,12,11,10,9,8,7,6,5,4,3,2,1,14,15,16,17,18,19,20,21,22,23,24,25,26,27,28,29} was best, accuracy is 73.8%

         Removing {1}, Using feature(s) {40,39,38,37,36,35,34,33,31,30,13,12,11,10,9,8,7,6,5,4,3,2,14,15,16,17,18,19,20,21,22,23,24,25,26,27,28,29} accuracy is 72.4%
         Removing {2}, Using feature(s) {40,39,38,37,36,35,34,33,31,30,13,12,11,10,9,8,7,6,5,4,3,1,14,15,16,17,18,19,20,21,22,23,24,25,26,27,28,29} accuracy is 72.4%
         Removing {3}, Using feature(s) {40,39,38,37,36,35,34,33,31,30,13,12,11,10,9,8,7,6,5,4,2,1,14,15,16,17,18,19,20,21,22,23,24,25,26,27,28,29} accuracy is 73.6%
         Removing {4}, Using feature(s) {40,39,38,37,36,35,34,33,31,30,13,12,11,10,9,8,7,6,5,3,2,1,14,15,16,17,18,19,20,21,22,23,24,25,26,27,28,29} accuracy is 71.4%
         Removing {5}, Using feature(s) {40,39,38,37,36,35,34,33,31,30,13,12,11,10,9,8,7,6,4,3,2,1,14,15,16,17,18,19,20,21,22,23,24,25,26,27,28,29} accuracy is 73.1%
         Removing {6}, Using feature(s) {40,39,38,37,36,35,34,33,31,30,13,12,11,10,9,8,7,5,4,3,2,1,14,15,16,17,18,19,20,21,22,23,24,25,26,27,28,29} accuracy is 72.5%
         Removing {7}, Using feature(s) {40,39,38,37,36,35,34,33,31,30,13,12,11,10,9,8,6,5,4,3,2,1,14,15,16,17,18,19,20,21,22,23,24,25,26,27,28,29} accuracy is 75%
         Removing {8}, Using feature(s) {40,39,38,37,36,35,34,33,31,30,13,12,11,10,9,7,6,5,4,3,2,1,14,15,16,17,18,19,20,21,22,23,24,25,26,27,28,29} accuracy is 73.2%
         Removing {9}, Using feature(s) {40,39,38,37,36,35,34,33,31,30,13,12,11,10,8,7,6,5,4,3,2,1,14,15,16,17,18,19,20,21,22,23,24,25,26,27,28,29} accuracy is 71.8%
         Removing {10}, Using feature(s) {40,39,38,37,36,35,34,33,31,30,13,12,11,9,8,7,6,5,4,3,2,1,14,15,16,17,18,19,20,21,22,23,24,25,26,27,28,29} accuracy is 73.2%
         Removing {11}, Using feature(s) {40,39,38,37,36,35,34,33,31,30,13,12,10,9,8,7,6,5,4,3,2,1,14,15,16,17,18,19,20,21,22,23,24,25,26,27,28,29} accuracy is 73%
         Removing {12}, Using feature(s) {40,39,38,37,36,35,34,33,31,30,13,11,10,9,8,7,6,5,4,3,2,1,14,15,16,17,18,19,20,21,22,23,24,25,26,27,28,29} accuracy is 72.9%
         Removing {13}, Using feature(s) {40,39,38,37,36,35,34,33,31,30,12,11,10,9,8,7,6,5,4,3,2,1,14,15,16,17,18,19,20,21,22,23,24,25,26,27,28,29} accuracy is 72.8%
         Removing {14}, Using feature(s) {40,39,38,37,36,35,34,33,31,30,13,12,11,10,9,8,7,6,5,4,3,2,1,15,16,17,18,19,20,21,22,23,24,25,26,27,28,29} accuracy is 72.3%
         Removing {15}, Using feature(s) {40,39,38,37,36,35,34,33,31,30,13,12,11,10,9,8,7,6,5,4,3,2,1,14,16,17,18,19,20,21,22,23,24,25,26,27,28,29} accuracy is 73.1%
         Removing {16}, Using feature(s) {40,39,38,37,36,35,34,33,31,30,13,12,11,10,9,8,7,6,5,4,3,2,1,14,15,17,18,19,20,21,22,23,24,25,26,27,28,29} accuracy is 72.9%
         Removing {17}, Using feature(s) {40,39,38,37,36,35,34,33,31,30,13,12,11,10,9,8,7,6,5,4,3,2,1,14,15,16,18,19,20,21,22,23,24,25,26,27,28,29} accuracy is 73.4%
         Removing {18}, Using feature(s) {40,39,38,37,36,35,34,33,31,30,13,12,11,10,9,8,7,6,5,4,3,2,1,14,15,16,17,19,20,21,22,23,24,25,26,27,28,29} accuracy is 72.4%
         Removing {19}, Using feature(s) {40,39,38,37,36,35,34,33,31,30,13,12,11,10,9,8,7,6,5,4,3,2,1,14,15,16,17,18,20,21,22,23,24,25,26,27,28,29} accuracy is 71.4%
         Removing {20}, Using feature(s) {40,39,38,37,36,35,34,33,31,30,13,12,11,10,9,8,7,6,5,4,3,2,1,14,15,16,17,18,19,21,22,23,24,25,26,27,28,29} accuracy is 72.4%
         Removing {21}, Using feature(s) {40,39,38,37,36,35,34,33,31,30,13,12,11,10,9,8,7,6,5,4,3,2,1,14,15,16,17,18,19,20,22,23,24,25,26,27,28,29} accuracy is 73.8%
         Removing {22}, Using feature(s) {40,39,38,37,36,35,34,33,31,30,13,12,11,10,9,8,7,6,5,4,3,2,1,14,15,16,17,18,19,20,21,23,24,25,26,27,28,29} accuracy is 73.1%
         Removing {23}, Using feature(s) {40,39,38,37,36,35,34,33,31,30,13,12,11,10,9,8,7,6,5,4,3,2,1,14,15,16,17,18,19,20,21,22,24,25,26,27,28,29} accuracy is 74.3%
         Removing {24}, Using feature(s) {40,39,38,37,36,35,34,33,31,30,13,12,11,10,9,8,7,6,5,4,3,2,1,14,15,16,17,18,19,20,21,22,23,25,26,27,28,29} accuracy is 73%
         Removing {25}, Using feature(s) {40,39,38,37,36,35,34,33,31,30,13,12,11,10,9,8,7,6,5,4,3,2,1,14,15,16,17,18,19,20,21,22,23,24,26,27,28,29} accuracy is 73.5%
         Removing {26}, Using feature(s) {40,39,38,37,36,35,34,33,31,30,13,12,11,10,9,8,7,6,5,4,3,2,1,14,15,16,17,18,19,20,21,22,23,24,25,27,28,29} accuracy is 74.3%
         Removing {27}, Using feature(s) {40,39,38,37,36,35,34,33,31,30,13,12,11,10,9,8,7,6,5,4,3,2,1,14,15,16,17,18,19,20,21,22,23,24,25,26,28,29} accuracy is 74%
         Removing {28}, Using feature(s) {40,39,38,37,36,35,34,33,31,30,13,12,11,10,9,8,7,6,5,4,3,2,1,14,15,16,17,18,19,20,21,22,23,24,25,26,27,29} accuracy is 74.4%
         Removing {29}, Using feature(s) {40,39,38,37,36,35,34,33,31,30,13,12,11,10,9,8,7,6,5,4,3,2,1,14,15,16,17,18,19,20,21,22,23,24,25,26,27,28} accuracy is 72.6%
         Removing {30}, Using feature(s) {40,39,38,37,36,35,34,33,31,13,12,11,10,9,8,7,6,5,4,3,2,1,14,15,16,17,18,19,20,21,22,23,24,25,26,27,28,29} accuracy is 73.1%
         Removing {31}, Using feature(s) {40,39,38,37,36,35,34,33,30,13,12,11,10,9,8,7,6,5,4,3,2,1,14,15,16,17,18,19,20,21,22,23,24,25,26,27,28,29} accuracy is 73.8%
         Removing {33}, Using feature(s) {40,39,38,37,36,35,34,31,30,13,12,11,10,9,8,7,6,5,4,3,2,1,14,15,16,17,18,19,20,21,22,23,24,25,26,27,28,29} accuracy is 72.2%
         Removing {34}, Using feature(s) {40,39,38,37,36,35,33,31,30,13,12,11,10,9,8,7,6,5,4,3,2,1,14,15,16,17,18,19,20,21,22,23,24,25,26,27,28,29} accuracy is 72.5%
         Removing {35}, Using feature(s) {40,39,38,37,36,34,33,31,30,13,12,11,10,9,8,7,6,5,4,3,2,1,14,15,16,17,18,19,20,21,22,23,24,25,26,27,28,29} accuracy is 72.9%
         Removing {36}, Using feature(s) {40,39,38,37,35,34,33,31,30,13,12,11,10,9,8,7,6,5,4,3,2,1,14,15,16,17,18,19,20,21,22,23,24,25,26,27,28,29} accuracy is 72.9%
         Removing {37}, Using feature(s) {40,39,38,36,35,34,33,31,30,13,12,11,10,9,8,7,6,5,4,3,2,1,14,15,16,17,18,19,20,21,22,23,24,25,26,27,28,29} accuracy is 73.4%
         Removing {38}, Using feature(s) {40,39,37,36,35,34,33,31,30,13,12,11,10,9,8,7,6,5,4,3,2,1,14,15,16,17,18,19,20,21,22,23,24,25,26,27,28,29} accuracy is 72.4%
         Removing {39}, Using feature(s) {40,38,37,36,35,34,33,31,30,13,12,11,10,9,8,7,6,5,4,3,2,1,14,15,16,17,18,19,20,21,22,23,24,25,26,27,28,29} accuracy is 72.3%
         Removing {40}, Using feature(s) {39,38,37,36,35,34,33,31,30,13,12,11,10,9,8,7,6,5,4,3,2,1,14,15,16,17,18,19,20,21,22,23,24,25,26,27,28,29} accuracy is 72.6%

Feature set {40,39,38,37,36,35,34,33,31,30,13,12,11,10,9,8,6,5,4,3,2,1,14,15,16,17,18,19,20,21,22,23,24,25,26,27,28,29} was best, accuracy is 75%

         Removing {1}, Using feature(s) {40,39,38,37,36,35,34,33,31,30,13,12,11,10,9,8,6,5,4,3,2,14,15,16,17,18,19,20,21,22,23,24,25,26,27,28,29} accuracy is 73.5%
         Removing {2}, Using feature(s) {40,39,38,37,36,35,34,33,31,30,13,12,11,10,9,8,6,5,4,3,1,14,15,16,17,18,19,20,21,22,23,24,25,26,27,28,29} accuracy is 73.5%
         Removing {3}, Using feature(s) {40,39,38,37,36,35,34,33,31,30,13,12,11,10,9,8,6,5,4,2,1,14,15,16,17,18,19,20,21,22,23,24,25,26,27,28,29} accuracy is 73.6%
         Removing {4}, Using feature(s) {40,39,38,37,36,35,34,33,31,30,13,12,11,10,9,8,6,5,3,2,1,14,15,16,17,18,19,20,21,22,23,24,25,26,27,28,29} accuracy is 71.9%
         Removing {5}, Using feature(s) {40,39,38,37,36,35,34,33,31,30,13,12,11,10,9,8,6,4,3,2,1,14,15,16,17,18,19,20,21,22,23,24,25,26,27,28,29} accuracy is 73.6%
         Removing {6}, Using feature(s) {40,39,38,37,36,35,34,33,31,30,13,12,11,10,9,8,5,4,3,2,1,14,15,16,17,18,19,20,21,22,23,24,25,26,27,28,29} accuracy is 73.6%
         Removing {8}, Using feature(s) {40,39,38,37,36,35,34,33,31,30,13,12,11,10,9,6,5,4,3,2,1,14,15,16,17,18,19,20,21,22,23,24,25,26,27,28,29} accuracy is 73.8%
         Removing {9}, Using feature(s) {40,39,38,37,36,35,34,33,31,30,13,12,11,10,8,6,5,4,3,2,1,14,15,16,17,18,19,20,21,22,23,24,25,26,27,28,29} accuracy is 72.8%
         Removing {10}, Using feature(s) {40,39,38,37,36,35,34,33,31,30,13,12,11,9,8,6,5,4,3,2,1,14,15,16,17,18,19,20,21,22,23,24,25,26,27,28,29} accuracy is 73.7%
         Removing {11}, Using feature(s) {40,39,38,37,36,35,34,33,31,30,13,12,10,9,8,6,5,4,3,2,1,14,15,16,17,18,19,20,21,22,23,24,25,26,27,28,29} accuracy is 73.3%
         Removing {12}, Using feature(s) {40,39,38,37,36,35,34,33,31,30,13,11,10,9,8,6,5,4,3,2,1,14,15,16,17,18,19,20,21,22,23,24,25,26,27,28,29} accuracy is 73.4%
         Removing {13}, Using feature(s) {40,39,38,37,36,35,34,33,31,30,12,11,10,9,8,6,5,4,3,2,1,14,15,16,17,18,19,20,21,22,23,24,25,26,27,28,29} accuracy is 73.3%
         Removing {14}, Using feature(s) {40,39,38,37,36,35,34,33,31,30,13,12,11,10,9,8,6,5,4,3,2,1,15,16,17,18,19,20,21,22,23,24,25,26,27,28,29} accuracy is 73.5%
         Removing {15}, Using feature(s) {40,39,38,37,36,35,34,33,31,30,13,12,11,10,9,8,6,5,4,3,2,1,14,16,17,18,19,20,21,22,23,24,25,26,27,28,29} accuracy is 74%
         Removing {16}, Using feature(s) {40,39,38,37,36,35,34,33,31,30,13,12,11,10,9,8,6,5,4,3,2,1,14,15,17,18,19,20,21,22,23,24,25,26,27,28,29} accuracy is 73.5%
         Removing {17}, Using feature(s) {40,39,38,37,36,35,34,33,31,30,13,12,11,10,9,8,6,5,4,3,2,1,14,15,16,18,19,20,21,22,23,24,25,26,27,28,29} accuracy is 74%
         Removing {18}, Using feature(s) {40,39,38,37,36,35,34,33,31,30,13,12,11,10,9,8,6,5,4,3,2,1,14,15,16,17,19,20,21,22,23,24,25,26,27,28,29} accuracy is 73.8%
         Removing {19}, Using feature(s) {40,39,38,37,36,35,34,33,31,30,13,12,11,10,9,8,6,5,4,3,2,1,14,15,16,17,18,20,21,22,23,24,25,26,27,28,29} accuracy is 72%
         Removing {20}, Using feature(s) {40,39,38,37,36,35,34,33,31,30,13,12,11,10,9,8,6,5,4,3,2,1,14,15,16,17,18,19,21,22,23,24,25,26,27,28,29} accuracy is 73.4%
         Removing {21}, Using feature(s) {40,39,38,37,36,35,34,33,31,30,13,12,11,10,9,8,6,5,4,3,2,1,14,15,16,17,18,19,20,22,23,24,25,26,27,28,29} accuracy is 73.3%
         Removing {22}, Using feature(s) {40,39,38,37,36,35,34,33,31,30,13,12,11,10,9,8,6,5,4,3,2,1,14,15,16,17,18,19,20,21,23,24,25,26,27,28,29} accuracy is 74.2%
         Removing {23}, Using feature(s) {40,39,38,37,36,35,34,33,31,30,13,12,11,10,9,8,6,5,4,3,2,1,14,15,16,17,18,19,20,21,22,24,25,26,27,28,29} accuracy is 74.7%
         Removing {24}, Using feature(s) {40,39,38,37,36,35,34,33,31,30,13,12,11,10,9,8,6,5,4,3,2,1,14,15,16,17,18,19,20,21,22,23,25,26,27,28,29} accuracy is 73%
         Removing {25}, Using feature(s) {40,39,38,37,36,35,34,33,31,30,13,12,11,10,9,8,6,5,4,3,2,1,14,15,16,17,18,19,20,21,22,23,24,26,27,28,29} accuracy is 74.1%
         Removing {26}, Using feature(s) {40,39,38,37,36,35,34,33,31,30,13,12,11,10,9,8,6,5,4,3,2,1,14,15,16,17,18,19,20,21,22,23,24,25,27,28,29} accuracy is 73.1%
         Removing {27}, Using feature(s) {40,39,38,37,36,35,34,33,31,30,13,12,11,10,9,8,6,5,4,3,2,1,14,15,16,17,18,19,20,21,22,23,24,25,26,28,29} accuracy is 74.4%
         Removing {28}, Using feature(s) {40,39,38,37,36,35,34,33,31,30,13,12,11,10,9,8,6,5,4,3,2,1,14,15,16,17,18,19,20,21,22,23,24,25,26,27,29} accuracy is 75.4%
         Removing {29}, Using feature(s) {40,39,38,37,36,35,34,33,31,30,13,12,11,10,9,8,6,5,4,3,2,1,14,15,16,17,18,19,20,21,22,23,24,25,26,27,28} accuracy is 72.8%
         Removing {30}, Using feature(s) {40,39,38,37,36,35,34,33,31,13,12,11,10,9,8,6,5,4,3,2,1,14,15,16,17,18,19,20,21,22,23,24,25,26,27,28,29} accuracy is 74.5%
         Removing {31}, Using feature(s) {40,39,38,37,36,35,34,33,30,13,12,11,10,9,8,6,5,4,3,2,1,14,15,16,17,18,19,20,21,22,23,24,25,26,27,28,29} accuracy is 73.8%
         Removing {33}, Using feature(s) {40,39,38,37,36,35,34,31,30,13,12,11,10,9,8,6,5,4,3,2,1,14,15,16,17,18,19,20,21,22,23,24,25,26,27,28,29} accuracy is 73.8%
         Removing {34}, Using feature(s) {40,39,38,37,36,35,33,31,30,13,12,11,10,9,8,6,5,4,3,2,1,14,15,16,17,18,19,20,21,22,23,24,25,26,27,28,29} accuracy is 73.3%
         Removing {35}, Using feature(s) {40,39,38,37,36,34,33,31,30,13,12,11,10,9,8,6,5,4,3,2,1,14,15,16,17,18,19,20,21,22,23,24,25,26,27,28,29} accuracy is 74.7%
         Removing {36}, Using feature(s) {40,39,38,37,35,34,33,31,30,13,12,11,10,9,8,6,5,4,3,2,1,14,15,16,17,18,19,20,21,22,23,24,25,26,27,28,29} accuracy is 72.9%
         Removing {37}, Using feature(s) {40,39,38,36,35,34,33,31,30,13,12,11,10,9,8,6,5,4,3,2,1,14,15,16,17,18,19,20,21,22,23,24,25,26,27,28,29} accuracy is 74.9%
         Removing {38}, Using feature(s) {40,39,37,36,35,34,33,31,30,13,12,11,10,9,8,6,5,4,3,2,1,14,15,16,17,18,19,20,21,22,23,24,25,26,27,28,29} accuracy is 72.9%
         Removing {39}, Using feature(s) {40,38,37,36,35,34,33,31,30,13,12,11,10,9,8,6,5,4,3,2,1,14,15,16,17,18,19,20,21,22,23,24,25,26,27,28,29} accuracy is 73.5%
         Removing {40}, Using feature(s) {39,38,37,36,35,34,33,31,30,13,12,11,10,9,8,6,5,4,3,2,1,14,15,16,17,18,19,20,21,22,23,24,25,26,27,28,29} accuracy is 73.5%

Feature set {40,39,38,37,36,35,34,33,31,30,13,12,11,10,9,8,6,5,4,3,2,1,14,15,16,17,18,19,20,21,22,23,24,25,26,27,29} was best, accuracy is 75.4%

         Removing {1}, Using feature(s) {40,39,38,37,36,35,34,33,31,30,13,12,11,10,9,8,6,5,4,3,2,14,15,16,17,18,19,20,21,22,23,24,25,26,27,29} accuracy is 74.5%
         Removing {2}, Using feature(s) {40,39,38,37,36,35,34,33,31,30,13,12,11,10,9,8,6,5,4,3,1,14,15,16,17,18,19,20,21,22,23,24,25,26,27,29} accuracy is 75.3%
         Removing {3}, Using feature(s) {40,39,38,37,36,35,34,33,31,30,13,12,11,10,9,8,6,5,4,2,1,14,15,16,17,18,19,20,21,22,23,24,25,26,27,29} accuracy is 74.2%
         Removing {4}, Using feature(s) {40,39,38,37,36,35,34,33,31,30,13,12,11,10,9,8,6,5,3,2,1,14,15,16,17,18,19,20,21,22,23,24,25,26,27,29} accuracy is 72.1%
         Removing {5}, Using feature(s) {40,39,38,37,36,35,34,33,31,30,13,12,11,10,9,8,6,4,3,2,1,14,15,16,17,18,19,20,21,22,23,24,25,26,27,29} accuracy is 74.5%
         Removing {6}, Using feature(s) {40,39,38,37,36,35,34,33,31,30,13,12,11,10,9,8,5,4,3,2,1,14,15,16,17,18,19,20,21,22,23,24,25,26,27,29} accuracy is 72.9%
         Removing {8}, Using feature(s) {40,39,38,37,36,35,34,33,31,30,13,12,11,10,9,6,5,4,3,2,1,14,15,16,17,18,19,20,21,22,23,24,25,26,27,29} accuracy is 74.8%
         Removing {9}, Using feature(s) {40,39,38,37,36,35,34,33,31,30,13,12,11,10,8,6,5,4,3,2,1,14,15,16,17,18,19,20,21,22,23,24,25,26,27,29} accuracy is 74.5%
         Removing {10}, Using feature(s) {40,39,38,37,36,35,34,33,31,30,13,12,11,9,8,6,5,4,3,2,1,14,15,16,17,18,19,20,21,22,23,24,25,26,27,29} accuracy is 75%
         Removing {11}, Using feature(s) {40,39,38,37,36,35,34,33,31,30,13,12,10,9,8,6,5,4,3,2,1,14,15,16,17,18,19,20,21,22,23,24,25,26,27,29} accuracy is 74.8%
         Removing {12}, Using feature(s) {40,39,38,37,36,35,34,33,31,30,13,11,10,9,8,6,5,4,3,2,1,14,15,16,17,18,19,20,21,22,23,24,25,26,27,29} accuracy is 73.3%
         Removing {13}, Using feature(s) {40,39,38,37,36,35,34,33,31,30,12,11,10,9,8,6,5,4,3,2,1,14,15,16,17,18,19,20,21,22,23,24,25,26,27,29} accuracy is 74.5%
         Removing {14}, Using feature(s) {40,39,38,37,36,35,34,33,31,30,13,12,11,10,9,8,6,5,4,3,2,1,15,16,17,18,19,20,21,22,23,24,25,26,27,29} accuracy is 74.5%
         Removing {15}, Using feature(s) {40,39,38,37,36,35,34,33,31,30,13,12,11,10,9,8,6,5,4,3,2,1,14,16,17,18,19,20,21,22,23,24,25,26,27,29} accuracy is 75.7%
         Removing {16}, Using feature(s) {40,39,38,37,36,35,34,33,31,30,13,12,11,10,9,8,6,5,4,3,2,1,14,15,17,18,19,20,21,22,23,24,25,26,27,29} accuracy is 72.9%
         Removing {17}, Using feature(s) {40,39,38,37,36,35,34,33,31,30,13,12,11,10,9,8,6,5,4,3,2,1,14,15,16,18,19,20,21,22,23,24,25,26,27,29} accuracy is 73.5%
         Removing {18}, Using feature(s) {40,39,38,37,36,35,34,33,31,30,13,12,11,10,9,8,6,5,4,3,2,1,14,15,16,17,19,20,21,22,23,24,25,26,27,29} accuracy is 75.1%
         Removing {19}, Using feature(s) {40,39,38,37,36,35,34,33,31,30,13,12,11,10,9,8,6,5,4,3,2,1,14,15,16,17,18,20,21,22,23,24,25,26,27,29} accuracy is 72.6%
         Removing {20}, Using feature(s) {40,39,38,37,36,35,34,33,31,30,13,12,11,10,9,8,6,5,4,3,2,1,14,15,16,17,18,19,21,22,23,24,25,26,27,29} accuracy is 75.3%
         Removing {21}, Using feature(s) {40,39,38,37,36,35,34,33,31,30,13,12,11,10,9,8,6,5,4,3,2,1,14,15,16,17,18,19,20,22,23,24,25,26,27,29} accuracy is 74.4%
         Removing {22}, Using feature(s) {40,39,38,37,36,35,34,33,31,30,13,12,11,10,9,8,6,5,4,3,2,1,14,15,16,17,18,19,20,21,23,24,25,26,27,29} accuracy is 75.3%
         Removing {23}, Using feature(s) {40,39,38,37,36,35,34,33,31,30,13,12,11,10,9,8,6,5,4,3,2,1,14,15,16,17,18,19,20,21,22,24,25,26,27,29} accuracy is 75.1%
         Removing {24}, Using feature(s) {40,39,38,37,36,35,34,33,31,30,13,12,11,10,9,8,6,5,4,3,2,1,14,15,16,17,18,19,20,21,22,23,25,26,27,29} accuracy is 74.1%
         Removing {25}, Using feature(s) {40,39,38,37,36,35,34,33,31,30,13,12,11,10,9,8,6,5,4,3,2,1,14,15,16,17,18,19,20,21,22,23,24,26,27,29} accuracy is 75.2%
         Removing {26}, Using feature(s) {40,39,38,37,36,35,34,33,31,30,13,12,11,10,9,8,6,5,4,3,2,1,14,15,16,17,18,19,20,21,22,23,24,25,27,29} accuracy is 74%
         Removing {27}, Using feature(s) {40,39,38,37,36,35,34,33,31,30,13,12,11,10,9,8,6,5,4,3,2,1,14,15,16,17,18,19,20,21,22,23,24,25,26,29} accuracy is 74.9%
         Removing {29}, Using feature(s) {40,39,38,37,36,35,34,33,31,30,13,12,11,10,9,8,6,5,4,3,2,1,14,15,16,17,18,19,20,21,22,23,24,25,26,27} accuracy is 74.1%
         Removing {30}, Using feature(s) {40,39,38,37,36,35,34,33,31,13,12,11,10,9,8,6,5,4,3,2,1,14,15,16,17,18,19,20,21,22,23,24,25,26,27,29} accuracy is 74.6%
         Removing {31}, Using feature(s) {40,39,38,37,36,35,34,33,30,13,12,11,10,9,8,6,5,4,3,2,1,14,15,16,17,18,19,20,21,22,23,24,25,26,27,29} accuracy is 75.9%
         Removing {33}, Using feature(s) {40,39,38,37,36,35,34,31,30,13,12,11,10,9,8,6,5,4,3,2,1,14,15,16,17,18,19,20,21,22,23,24,25,26,27,29} accuracy is 73.4%
         Removing {34}, Using feature(s) {40,39,38,37,36,35,33,31,30,13,12,11,10,9,8,6,5,4,3,2,1,14,15,16,17,18,19,20,21,22,23,24,25,26,27,29} accuracy is 74.4%
         Removing {35}, Using feature(s) {40,39,38,37,36,34,33,31,30,13,12,11,10,9,8,6,5,4,3,2,1,14,15,16,17,18,19,20,21,22,23,24,25,26,27,29} accuracy is 74.3%
         Removing {36}, Using feature(s) {40,39,38,37,35,34,33,31,30,13,12,11,10,9,8,6,5,4,3,2,1,14,15,16,17,18,19,20,21,22,23,24,25,26,27,29} accuracy is 75.1%
         Removing {37}, Using feature(s) {40,39,38,36,35,34,33,31,30,13,12,11,10,9,8,6,5,4,3,2,1,14,15,16,17,18,19,20,21,22,23,24,25,26,27,29} accuracy is 74.8%
         Removing {38}, Using feature(s) {40,39,37,36,35,34,33,31,30,13,12,11,10,9,8,6,5,4,3,2,1,14,15,16,17,18,19,20,21,22,23,24,25,26,27,29} accuracy is 74.5%
         Removing {39}, Using feature(s) {40,38,37,36,35,34,33,31,30,13,12,11,10,9,8,6,5,4,3,2,1,14,15,16,17,18,19,20,21,22,23,24,25,26,27,29} accuracy is 75%
         Removing {40}, Using feature(s) {39,38,37,36,35,34,33,31,30,13,12,11,10,9,8,6,5,4,3,2,1,14,15,16,17,18,19,20,21,22,23,24,25,26,27,29} accuracy is 73.6%

Feature set {40,39,38,37,36,35,34,33,30,13,12,11,10,9,8,6,5,4,3,2,1,14,15,16,17,18,19,20,21,22,23,24,25,26,27,29} was best, accuracy is 75.9%

         Removing {1}, Using feature(s) {40,39,38,37,36,35,34,33,30,13,12,11,10,9,8,6,5,4,3,2,14,15,16,17,18,19,20,21,22,23,24,25,26,27,29} accuracy is 75.1%
         Removing {2}, Using feature(s) {40,39,38,37,36,35,34,33,30,13,12,11,10,9,8,6,5,4,3,1,14,15,16,17,18,19,20,21,22,23,24,25,26,27,29} accuracy is 74.3%
         Removing {3}, Using feature(s) {40,39,38,37,36,35,34,33,30,13,12,11,10,9,8,6,5,4,2,1,14,15,16,17,18,19,20,21,22,23,24,25,26,27,29} accuracy is 73.6%
         Removing {4}, Using feature(s) {40,39,38,37,36,35,34,33,30,13,12,11,10,9,8,6,5,3,2,1,14,15,16,17,18,19,20,21,22,23,24,25,26,27,29} accuracy is 73.2%
         Removing {5}, Using feature(s) {40,39,38,37,36,35,34,33,30,13,12,11,10,9,8,6,4,3,2,1,14,15,16,17,18,19,20,21,22,23,24,25,26,27,29} accuracy is 74.8%
         Removing {6}, Using feature(s) {40,39,38,37,36,35,34,33,30,13,12,11,10,9,8,5,4,3,2,1,14,15,16,17,18,19,20,21,22,23,24,25,26,27,29} accuracy is 73.4%
         Removing {8}, Using feature(s) {40,39,38,37,36,35,34,33,30,13,12,11,10,9,6,5,4,3,2,1,14,15,16,17,18,19,20,21,22,23,24,25,26,27,29} accuracy is 75%
         Removing {9}, Using feature(s) {40,39,38,37,36,35,34,33,30,13,12,11,10,8,6,5,4,3,2,1,14,15,16,17,18,19,20,21,22,23,24,25,26,27,29} accuracy is 74.6%
         Removing {10}, Using feature(s) {40,39,38,37,36,35,34,33,30,13,12,11,9,8,6,5,4,3,2,1,14,15,16,17,18,19,20,21,22,23,24,25,26,27,29} accuracy is 75.4%
         Removing {11}, Using feature(s) {40,39,38,37,36,35,34,33,30,13,12,10,9,8,6,5,4,3,2,1,14,15,16,17,18,19,20,21,22,23,24,25,26,27,29} accuracy is 74.5%
         Removing {12}, Using feature(s) {40,39,38,37,36,35,34,33,30,13,11,10,9,8,6,5,4,3,2,1,14,15,16,17,18,19,20,21,22,23,24,25,26,27,29} accuracy is 73.9%
         Removing {13}, Using feature(s) {40,39,38,37,36,35,34,33,30,12,11,10,9,8,6,5,4,3,2,1,14,15,16,17,18,19,20,21,22,23,24,25,26,27,29} accuracy is 74.6%
         Removing {14}, Using feature(s) {40,39,38,37,36,35,34,33,30,13,12,11,10,9,8,6,5,4,3,2,1,15,16,17,18,19,20,21,22,23,24,25,26,27,29} accuracy is 74.9%
         Removing {15}, Using feature(s) {40,39,38,37,36,35,34,33,30,13,12,11,10,9,8,6,5,4,3,2,1,14,16,17,18,19,20,21,22,23,24,25,26,27,29} accuracy is 74.9%
         Removing {16}, Using feature(s) {40,39,38,37,36,35,34,33,30,13,12,11,10,9,8,6,5,4,3,2,1,14,15,17,18,19,20,21,22,23,24,25,26,27,29} accuracy is 74.2%
         Removing {17}, Using feature(s) {40,39,38,37,36,35,34,33,30,13,12,11,10,9,8,6,5,4,3,2,1,14,15,16,18,19,20,21,22,23,24,25,26,27,29} accuracy is 74.3%
         Removing {18}, Using feature(s) {40,39,38,37,36,35,34,33,30,13,12,11,10,9,8,6,5,4,3,2,1,14,15,16,17,19,20,21,22,23,24,25,26,27,29} accuracy is 75.3%
         Removing {19}, Using feature(s) {40,39,38,37,36,35,34,33,30,13,12,11,10,9,8,6,5,4,3,2,1,14,15,16,17,18,20,21,22,23,24,25,26,27,29} accuracy is 73.7%
         Removing {20}, Using feature(s) {40,39,38,37,36,35,34,33,30,13,12,11,10,9,8,6,5,4,3,2,1,14,15,16,17,18,19,21,22,23,24,25,26,27,29} accuracy is 74.3%
         Removing {21}, Using feature(s) {40,39,38,37,36,35,34,33,30,13,12,11,10,9,8,6,5,4,3,2,1,14,15,16,17,18,19,20,22,23,24,25,26,27,29} accuracy is 74.2%
         Removing {22}, Using feature(s) {40,39,38,37,36,35,34,33,30,13,12,11,10,9,8,6,5,4,3,2,1,14,15,16,17,18,19,20,21,23,24,25,26,27,29} accuracy is 74.7%
         Removing {23}, Using feature(s) {40,39,38,37,36,35,34,33,30,13,12,11,10,9,8,6,5,4,3,2,1,14,15,16,17,18,19,20,21,22,24,25,26,27,29} accuracy is 74%
         Removing {24}, Using feature(s) {40,39,38,37,36,35,34,33,30,13,12,11,10,9,8,6,5,4,3,2,1,14,15,16,17,18,19,20,21,22,23,25,26,27,29} accuracy is 74.3%
         Removing {25}, Using feature(s) {40,39,38,37,36,35,34,33,30,13,12,11,10,9,8,6,5,4,3,2,1,14,15,16,17,18,19,20,21,22,23,24,26,27,29} accuracy is 75%
         Removing {26}, Using feature(s) {40,39,38,37,36,35,34,33,30,13,12,11,10,9,8,6,5,4,3,2,1,14,15,16,17,18,19,20,21,22,23,24,25,27,29} accuracy is 74.8%
         Removing {27}, Using feature(s) {40,39,38,37,36,35,34,33,30,13,12,11,10,9,8,6,5,4,3,2,1,14,15,16,17,18,19,20,21,22,23,24,25,26,29} accuracy is 75.2%
         Removing {29}, Using feature(s) {40,39,38,37,36,35,34,33,30,13,12,11,10,9,8,6,5,4,3,2,1,14,15,16,17,18,19,20,21,22,23,24,25,26,27} accuracy is 73.8%
         Removing {30}, Using feature(s) {40,39,38,37,36,35,34,33,13,12,11,10,9,8,6,5,4,3,2,1,14,15,16,17,18,19,20,21,22,23,24,25,26,27,29} accuracy is 74.3%
         Removing {33}, Using feature(s) {40,39,38,37,36,35,34,30,13,12,11,10,9,8,6,5,4,3,2,1,14,15,16,17,18,19,20,21,22,23,24,25,26,27,29} accuracy is 73.5%
         Removing {34}, Using feature(s) {40,39,38,37,36,35,33,30,13,12,11,10,9,8,6,5,4,3,2,1,14,15,16,17,18,19,20,21,22,23,24,25,26,27,29} accuracy is 74%
         Removing {35}, Using feature(s) {40,39,38,37,36,34,33,30,13,12,11,10,9,8,6,5,4,3,2,1,14,15,16,17,18,19,20,21,22,23,24,25,26,27,29} accuracy is 73.9%
         Removing {36}, Using feature(s) {40,39,38,37,35,34,33,30,13,12,11,10,9,8,6,5,4,3,2,1,14,15,16,17,18,19,20,21,22,23,24,25,26,27,29} accuracy is 74.8%
         Removing {37}, Using feature(s) {40,39,38,36,35,34,33,30,13,12,11,10,9,8,6,5,4,3,2,1,14,15,16,17,18,19,20,21,22,23,24,25,26,27,29} accuracy is 74.9%
         Removing {38}, Using feature(s) {40,39,37,36,35,34,33,30,13,12,11,10,9,8,6,5,4,3,2,1,14,15,16,17,18,19,20,21,22,23,24,25,26,27,29} accuracy is 74.3%
         Removing {39}, Using feature(s) {40,38,37,36,35,34,33,30,13,12,11,10,9,8,6,5,4,3,2,1,14,15,16,17,18,19,20,21,22,23,24,25,26,27,29} accuracy is 75.8%
         Removing {40}, Using feature(s) {39,38,37,36,35,34,33,30,13,12,11,10,9,8,6,5,4,3,2,1,14,15,16,17,18,19,20,21,22,23,24,25,26,27,29} accuracy is 74%

Feature set {40,38,37,36,35,34,33,30,13,12,11,10,9,8,6,5,4,3,2,1,14,15,16,17,18,19,20,21,22,23,24,25,26,27,29} was best, accuracy is 75.8%

(Warning, Accuracy has decreased!)
Finished Search!! The best features subset is {40,39,38,37,36,35,34,33,30,13,12,11,10,9,8,6,5,4,3,2,1,14,15,16,17,18,19,20,21,22,23,24,25,26,27,29}, which has an accuracy of 75.9%